In this approach i reduced the dimension of the matrix as suggested in the CLAN paper
Numero di Termini: 56044
Numero di Termini dopo pulizia: 14180
1 min, 18 sec

C:\repos\allwefantasy Array2DRowRealMatrix{{1.0,0.4132840687,0.4064900945,0.0960488084,0.4091646067,0.3171724118,0.3169149567,0.3619658987,0.0633609715,0.4183792022,0.0489035366,0.1254819949,0.5624872945,0.5880120025,0.0463068844,0.2631340982,0.3104587712,0.099362646,0.1687327455,0.4035596973,0.1707384002,0.4911085602,0.2325278884,0.0106941169,0.157135388,0.1598712667,0.4383576504,0.4383576504,0.2349965884,0.3168162188,0.2049781465,0.3081965977,0.2839083682,0.0400411939,0.0382604356,0.0183402591,0.0439204022,0.3670392483,0.3678884837,0.2004317838,0.3313514836,0.1390093353,0.0800274427}}
C:\repos\AskNowQA Array2DRowRealMatrix{{0.4132840687,1.0,0.1665383186,0.0112412782,0.2170691417,0.2282997923,0.2424146601,0.2075365368,0.0967268117,0.3082501237,0.058265699,0.1398808428,0.2944392048,0.2971971858,0.1483773024,0.3224895858,0.4825556261,0.1031785325,0.4374916262,0.2955472163,0.1532150784,0.1858675062,0.0340733138,0.1124361991,0.2140174507,0.1796723907,0.2300358803,0.2300358803,0.1964352897,0.2280574175,0.0927650452,0.5508392912,0.4487935191,0.098007457,-0.0,0.0220373132,0.2423492611,0.284640399,0.2140523782,0.2089235612,0.0185471628,0.2177368707,0.1974703653}}
C:\repos\b3log Array2DRowRealMatrix{{0.4064900945,0.1665383186,1.0,0.0321761361,0.2998360696,0.5033949806,0.1407975544,0.3889550062,0.051738598,0.1310908003,0.0759848305,0.1377726995,0.3971542453,0.4346902666,0.1043452143,0.1934177092,0.1924381909,0.0851074089,0.2283643541,0.1818366104,0.1415717244,0.3214407094,0.0538089542,0.10463386,0.0514009313,0.0924808821,0.3419681972,0.3419681972,0.4279691406,0.2265165471,0.0977698801,0.0825348867,0.0868612578,0.0052764021,0.0042539713,0.0130505883,0.0162202489,0.1829382463,0.1915963331,0.1263356404,0.2709314337,0.0229627509,0.0559291507}}
C:\repos\benas Array2DRowRealMatrix{{0.0960488084,0.0112412782,0.0321761361,1.0,0.0185692967,-0.0,0.1043362199,0.0,0.0793051586,0.0657269172,-0.0,-0.0,0.1707437944,0.1425230416,-0.0,0.1345333062,0.3617135673,-0.0,0.0158850272,0.0771098516,-0.0,0.3341759651,0.1855768722,-0.0,0.103611066,0.0121939886,0.1959568942,0.1959568942,0.0429377267,0.0454978666,0.5135340305,0.0060242786,0.3562742041,0.0,-0.0,0.0,0.0079915086,0.0725375474,0.0515171809,0.4705162507,0.0448956686,0.0433198882,0.0}}
C:\repos\biezhi Array2DRowRealMatrix{{0.4091646067,0.2170691417,0.2998360696,0.0185692967,1.0,0.2522546938,0.1365935155,0.2410988638,0.027489299,0.1646051207,0.041639302,0.1589092616,0.3413190513,0.3624894934,0.0306377764,0.101253754,0.1477480689,0.0284065083,0.1700032238,0.1705324195,0.1723190875,0.3248306487,0.2313946669,0.0176887284,0.2553287927,0.0665715346,0.3023654319,0.3023654319,0.1841300237,0.1469639854,0.069882071,0.0883124785,0.1423502752,0.0294358234,0.0316425594,0.0060671838,0.0079447194,0.262915427,0.3682504437,0.1194077965,0.3506323297,0.0788331458,0.0}}
C:\repos\devinhu Array2DRowRealMatrix{{0.3171724118,0.2282997923,0.5033949806,-0.0,0.2522546938,1.0,0.1416658598,0.2664682033,0.1012385448,0.248663839,0.0740471181,0.108578209,0.2553448376,0.284488883,0.041030497,0.1922690905,0.1949549464,0.2119502615,0.2414966054,0.0991818108,0.272439046,0.1721529675,0.1005037815,0.0236889685,0.0894303421,0.0099059377,0.2372736765,0.2372736765,0.3856287724,0.241168932,0.1447425315,0.1353978271,0.1602702847,0.0394208264,0.0,0.0325009966,0.017853003,0.1071395922,0.0886096469,0.1807140456,0.0501483852,0.0219946551,0.1012982902}}
C:\repos\eclipse Array2DRowRealMatrix{{0.3169149567,0.2424146601,0.1407975544,0.1043362199,0.1365935155,0.1416658598,1.0,0.324436551,0.0817705458,0.177663066,0.0580448069,0.1097747112,0.269217092,0.2811123034,0.1236098924,0.2241505753,0.2518523543,0.2193641548,0.0744814113,0.2860709567,0.0612500819,0.2257274929,0.1013547115,0.1233788623,0.2357097433,0.2968490363,0.2585416121,0.2585416121,0.0935808838,0.2297993732,0.121887216,0.3343531428,0.2225954853,0.0176127924,0.0113599098,0.0410739359,0.0418508623,0.3111409408,0.2445829566,0.3363740249,0.2182378044,0.0747972833,0.0252157084}}
C:\repos\florinpatrascu Array2DRowRealMatrix{{0.3619658987,0.2075365368,0.3889550062,0.0,0.2410988638,0.2664682033,0.324436551,1.0,0.1082719646,0.17049492,0.174025651,0.0766402182,0.411312603,0.4068504609,0.0292540259,0.2272716625,0.2204662506,0.1336802684,0.1882839191,0.1004895868,0.0205670403,0.3221978849,0.0268715386,0.0,0.0675129896,0.1218326128,0.2687724949,0.2687724949,0.1937751526,0.4106028921,0.1089949926,0.2233128402,0.1631854456,-0.0,0.022660071,0.0695179245,0.0196719032,0.194009818,0.2005827724,0.2016114689,0.2535348912,0.0423408706,0.067709913}}
C:\repos\freebase2rdf Array2DRowRealMatrix{{0.0633609715,0.0967268117,0.051738598,0.0793051586,0.027489299,0.1012385448,0.0817705458,0.1082719646,1.0,0.0281474114,-0.0,0.0,0.0937089317,0.0576443433,-0.0,0.232351144,0.0716166881,0.0222828259,0.0264550567,-0.0,-0.0,0.0244334387,0.0,-0.0,0.0215693416,0.1624637611,0.0280678519,0.0280678519,0.0178772119,0.0966099707,0.359332493,0.0568530077,0.0353545768,0.0,0.0,0.7995559256,0.0014787917,0.1657319795,0.0529611989,0.0959512265,-0.0,0.0,0.0}}
C:\repos\h819 Array2DRowRealMatrix{{0.4183792022,0.3082501237,0.1310908003,0.0657269172,0.1646051207,0.248663839,0.177663066,0.17049492,0.0281474114,1.0,0.0410052832,0.0664137375,0.3165499803,0.3406059418,0.1115422773,0.0522687605,0.1669354568,0.391514592,0.1077484234,0.3122006783,0.3038766787,0.2488507963,0.3301428442,0.016099741,0.1549283181,0.0605913797,0.1600755576,0.1600755576,0.0941662191,0.1086424858,0.0657606147,0.1995624585,0.1443409441,0.1428884715,0.0504001613,0.0,0.0326009653,0.2737193852,0.2052457322,0.3331127047,0.0743615182,0.2032959852,0.1290851029}}
C:\repos\hzxie Array2DRowRealMatrix{{0.0489035366,0.058265699,0.0759848305,-0.0,0.041639302,0.0740471181,0.0580448069,0.174025651,-0.0,0.0410052832,1.0,0.1521149736,0.0417249931,0.0478262194,0.0,0.016484915,0.0090400902,0.3275683364,0.1509060468,0.0053148289,0.0965946326,0.0269657197,-0.0,0.0,-0.0,0.2904684324,0.0143648363,0.0143648363,0.0015784005,0.017686812,0.0193800724,0.1547962279,0.0077867802,-0.0,0.0,-0.0,0.0017626179,0.0077350436,0.0092584952,0.292271882,0.0,0.0788262158,-0.0}}
C:\repos\jbarrasa Array2DRowRealMatrix{{0.1254819949,0.1398808428,0.1377726995,-0.0,0.1589092616,0.108578209,0.1097747112,0.0766402182,0.0,0.0664137375,0.1521149736,1.0,0.0686190907,0.048004117,0.1587768372,0.3132753523,0.1848211891,0.1472135409,0.1979625737,0.0227253889,0.0744186941,0.1767952633,0.0972305585,-0.0,0.3867852826,0.1197914951,0.1032676876,0.1032676876,0.132167857,0.0786654267,0.1803107149,0.13256634,0.0801548011,0.0381369627,-0.0,0.0,0.0059316481,0.0541808141,0.0619810522,0.2113035375,0.1852396434,0.1021359824,-0.0}}
C:\repos\jeeweb Array2DRowRealMatrix{{0.5624872945,0.2944392048,0.3971542453,0.1707437944,0.3413190513,0.2553448376,0.269217092,0.411312603,0.0937089317,0.3165499803,0.0417249931,0.0686190907,1.0,0.9703827844,0.0384153938,0.1463803789,0.3237490252,0.0915883778,0.1229767796,0.5003464919,0.0934024563,0.6425530422,0.0705735849,0.033268707,0.1022003972,0.1217288219,0.3720077008,0.3720077008,0.1622686103,0.3082011381,0.2394757415,0.3957686867,0.3003739802,0.0184541583,0.0446346542,0.0912885787,0.0348231901,0.4977362753,0.464031221,0.193540895,0.3425372616,0.176068548,0.1511544109}}
C:\repos\jeeweb-mybatis Array2DRowRealMatrix{{0.5880120025,0.2971971858,0.4346902666,0.1425230416,0.3624894934,0.284488883,0.2811123034,0.4068504609,0.0576443433,0.3406059418,0.0478262194,0.048004117,0.9703827844,1.0,0.0403116037,0.1461492206,0.3123124947,0.116132001,0.1270094125,0.5086964118,0.1417053467,0.6035252247,0.0678857161,0.0349108729,0.1007845312,0.127737439,0.3886603524,0.3886603524,0.1856283341,0.2692848385,0.203082577,0.3948694526,0.2924100622,0.019365068,0.0468378509,0.0478973224,0.0350804029,0.5127953735,0.4821771628,0.1638165518,0.3762416343,0.1555868722,0.121294202}}
C:\repos\jena-examples Array2DRowRealMatrix{{0.0463068844,0.1483773024,0.1043452143,-0.0,0.0306377764,0.041030497,0.1236098924,0.0292540259,-0.0,0.1115422773,0.0,0.1587768372,0.0384153938,0.0403116037,1.0,0.1973054495,0.1430095449,0.0662266179,0.1235565153,0.0159030955,0.0,0.0645497224,0.1020620726,0.2886751346,0.0,0.030178582,0.0636256142,0.0636256142,0.0472290898,0.0394105163,0.0628217281,0.1888514982,0.0456856824,0.0,-0.0,-0.0,0.0021975528,0.1721030365,0.1353687966,0.0950586376,-0.0,0.0,-0.0}}
C:\repos\jena-grande Array2DRowRealMatrix{{0.2631340982,0.3224895858,0.1934177092,0.1345333062,0.101253754,0.1922690905,0.2241505753,0.2272716625,0.232351144,0.0522687605,0.016484915,0.3132753523,0.1463803789,0.1461492206,0.1973054495,1.0,0.4047108127,0.1666026257,0.1579053756,0.0776597434,0.0086697237,0.2280542148,0.1208244187,-0.0,0.1422953801,0.2054267548,0.1862129261,0.1862129261,0.0707627906,0.301594209,0.2703078574,0.2412187293,0.2548718141,0.011847809,-0.0,0.0,0.0243893889,0.125142764,0.094102644,0.3188449826,-0.0,0.0317300468,-0.0}}
C:\repos\jena-sparql-api Array2DRowRealMatrix{{0.3104587712,0.4825556261,0.1924381909,0.3617135673,0.1477480689,0.1949549464,0.2518523543,0.2204662506,0.0716166881,0.1669354568,0.0090400902,0.1848211891,0.3237490252,0.3123124947,0.1430095449,0.4047108127,1.0,0.2013146319,0.5959902057,0.2409694309,0.0323451797,0.3439168544,0.1792234673,0.0345627625,0.1894674703,0.0648377472,0.3458210934,0.3458210934,0.1235784935,0.3017268872,0.4553447447,0.4450132979,0.9095375903,0.004260438,0.0369249057,0.0474197189,0.0314124848,0.2723151278,0.210447,0.322469264,0.0443440449,0.0363694819,0.0297645909}}
C:\repos\jprante Array2DRowRealMatrix{{0.099362646,0.1031785325,0.0851074089,-0.0,0.0284065083,0.2119502615,0.2193641548,0.1336802684,0.0222828259,0.391514592,0.3275683364,0.1472135409,0.0915883778,0.116132001,0.0662266179,0.1666026257,0.2013146319,1.0,0.1294359128,0.1706197332,0.2095227798,0.0384741882,0.2027767764,0.0,0.0509463435,0.1079257726,0.044384404,0.044384404,0.0211128045,0.0872494138,0.0960108595,0.2330250834,0.1642905268,0.0,0.0,-0.0,0.0130982838,0.2287420958,0.1451081913,0.5099283772,-0.0,0.0,0.0}}
C:\repos\jsonld-java Array2DRowRealMatrix{{0.1687327455,0.4374916262,0.2283643541,0.0158850272,0.1700032238,0.2414966054,0.0744814113,0.1882839191,0.0264550567,0.1077484234,0.1509060468,0.1979625737,0.1229767796,0.1270094125,0.1235565153,0.1579053756,0.5959902057,0.1294359128,1.0,0.0396558815,0.0329039382,0.0652544081,0.0137568371,0.0,0.1339322323,0.0630499491,0.2315527611,0.2315527611,0.1289106551,0.1373557583,0.1094283927,0.1647882179,0.4738522556,-0.0,0.0261017632,0.0266921847,0.0054798069,0.0523945418,0.0441303797,0.2295635919,0.0524179156,0.0072254448,0.0415967656}}
C:\repos\kejunxia Array2DRowRealMatrix{{0.4035596973,0.2955472163,0.1818366104,0.0771098516,0.1705324195,0.0991818108,0.2860709567,0.1004895868,-0.0,0.3122006783,0.0053148289,0.0227253889,0.5003464919,0.5086964118,0.0159030955,0.0776597434,0.2409694309,0.1706197332,0.0396558815,1.0,0.1062163638,0.3726341658,0.0194772347,-0.0,0.2242867127,0.1123042922,0.1855047737,0.1855047737,0.0287291438,0.0494236516,0.0502604002,0.3746250786,0.2373618499,0.0152792,0.0,-0.0,0.0461312168,0.4960524043,0.419642472,0.1421022998,0.2067402418,0.0562646966,0.0}}
C:\repos\KEN-LJQ Array2DRowRealMatrix{{0.1707384002,0.1532150784,0.1415717244,-0.0,0.1723190875,0.272439046,0.0612500819,0.0205670403,-0.0,0.3038766787,0.0965946326,0.0744186941,0.0934024563,0.1417053467,0.0,0.0086697237,0.0323451797,0.2095227798,0.0329039382,0.1062163638,1.0,0.0586179989,0.0478364873,0.0,0.0300465142,0.0282893992,0.1338645991,0.1338645991,0.0380467167,0.1649259519,0.0368056752,0.0524100114,0.0337252806,0.0375260281,0.0,-0.0,0.0126174124,0.0789262199,0.0686116658,0.1113849444,0.0065097214,0.282655733,0.0361609854}}
C:\repos\ldcsaa Array2DRowRealMatrix{{0.4911085602,0.1858675062,0.3214407094,0.3341759651,0.3248306487,0.1721529675,0.2257274929,0.3221978849,0.0244334387,0.2488507963,0.0269657197,0.1767952633,0.6425530422,0.6035252247,0.0645497224,0.2280542148,0.3439168544,0.0384741882,0.0652544081,0.3726341658,0.0586179989,1.0,0.2421118834,-0.0,0.0662084711,0.1548675179,0.4142609874,0.4142609874,0.0754534598,0.159995522,0.351158238,0.2891991073,0.3353010859,0.0232565127,0.025,0.0239676559,0.0257460329,0.4519338798,0.452497259,0.3137034433,0.3899879064,0.295849522,0.0149403576}}
C:\repos\livrospringmvc Array2DRowRealMatrix{{0.2325278884,0.0340733138,0.0538089542,0.1855768722,0.2313946669,0.1005037815,0.1013547115,0.0268715386,0.0,0.3301428442,-0.0,0.0972305585,0.0705735849,0.0678857161,0.1020620726,0.1208244187,0.1792234673,0.2027767764,0.0137568371,0.0194772347,0.0478364873,0.2421118834,1.0,-0.0,0.0523423923,-0.0,0.103034358,0.103034358,0.0253065687,0.0586109336,0.2574550488,0.054780372,0.177651744,0.0490290338,-0.0,0.0,0.0067286037,0.132647489,0.1021742871,0.1843357499,-0.0,0.0656532164,0.0944911183}}
C:\repos\neo4j-contrib Array2DRowRealMatrix{{0.0106941169,0.1124361991,0.10463386,-0.0,0.0176887284,0.0236889685,0.1233788623,0.0,-0.0,0.016099741,0.0,-0.0,0.033268707,0.0349108729,0.2886751346,-0.0,0.0345627625,0.0,0.0,-0.0,0.0,-0.0,-0.0,1.0,-0.0,0.0522708373,0.0416321676,0.0416321676,-0.0,0.0292547214,-0.0,0.1721581,0.0118694885,-0.0,-0.0,-0.0,0.0114188191,0.2312776577,0.1962968095,0.027441065,-0.0,-0.0,0.0}}
C:\repos\niclashoyer Array2DRowRealMatrix{{0.157135388,0.2140174507,0.0514009313,0.103611066,0.2553287927,0.0894303421,0.2357097433,0.0675129896,0.0215693416,0.1549283181,-0.0,0.3867852826,0.1022003972,0.1007845312,0.0,0.1422953801,0.1894674703,0.0509463435,0.1339322323,0.2242867127,0.0300465142,0.0662084711,0.0523423923,-0.0,1.0,0.0154770439,0.0900959058,0.0900959058,0.3171486046,0.1118858009,0.0625773392,0.0841085144,0.1452650005,0.0,-0.0,-0.0,0.0157781664,0.1365790793,0.1081718108,0.1868776462,0.0569831791,0.0962204994,-0.0}}
C:\repos\nkons Array2DRowRealMatrix{{0.1598712667,0.1796723907,0.0924808821,0.0121939886,0.0665715346,0.0099059377,0.2968490363,0.1218326128,0.1624637611,0.0605913797,0.2904684324,0.1197914951,0.1217288219,0.127737439,0.030178582,0.2054267548,0.0648377472,0.1079257726,0.0630499491,0.1123042922,0.0282893992,0.1548675179,-0.0,0.0522708373,0.0154770439,1.0,0.0773172676,0.0773172676,0.0277934857,0.189616929,0.0805015855,0.1295834118,0.0306077863,-0.0,-0.0,0.1434299944,0.0079582831,0.0462071381,0.022231297,0.3241670426,0.030178582,0.0485322541,-0.0}}
C:\repos\nutzam Array2DRowRealMatrix{{0.4383576504,0.2300358803,0.3419681972,0.1959568942,0.3023654319,0.2372736765,0.2585416121,0.2687724949,0.0280678519,0.1600755576,0.0143648363,0.1032676876,0.3720077008,0.3886603524,0.0636256142,0.1862129261,0.3458210934,0.044384404,0.2315527611,0.1855047737,0.1338645991,0.4142609874,0.103034358,0.0416321676,0.0900959058,0.0773172676,1.0,1.0,0.1082794405,0.3127472352,0.2858623213,0.2033830994,0.2867828755,0.1120707735,0.0492841888,0.0125997491,0.0185122533,0.2038492116,0.2278351773,0.202143088,0.3817536853,0.0645757482,0.1086486093}}
C:\repos\ontopia Array2DRowRealMatrix{{0.4383576504,0.2300358803,0.3419681972,0.1959568942,0.3023654319,0.2372736765,0.2585416121,0.2687724949,0.0280678519,0.1600755576,0.0143648363,0.1032676876,0.3720077008,0.3886603524,0.0636256142,0.1862129261,0.3458210934,0.044384404,0.2315527611,0.1855047737,0.1338645991,0.4142609874,0.103034358,0.0416321676,0.0900959058,0.0773172676,1.0,1.0,0.1082794405,0.3127472352,0.2858623213,0.2033830994,0.2867828755,0.1120707735,0.0492841888,0.0125997491,0.0185122533,0.2038492116,0.2278351773,0.202143088,0.3817536853,0.0645757482,0.1086486093}}
C:\repos\pyvandenbussche Array2DRowRealMatrix{{0.2349965884,0.1964352897,0.4279691406,0.0429377267,0.1841300237,0.3856287724,0.0935808838,0.1937751526,0.0178772119,0.0941662191,0.0015784005,0.132167857,0.1622686103,0.1856283341,0.0472290898,0.0707627906,0.1235784935,0.0211128045,0.1289106551,0.0287291438,0.0380467167,0.0754534598,0.0253065687,-0.0,0.3171486046,0.0277934857,0.1082794405,0.1082794405,1.0,0.1332175326,0.093118563,0.0651342477,0.0737121938,0.0085080453,0.0274376217,0.0140291302,0.0138557536,0.036472107,0.0570940581,0.2817181914,0.0157430299,0.0284821308,0.207696793}}
C:\repos\rdfhdt Array2DRowRealMatrix{{0.3168162188,0.2280574175,0.2265165471,0.0454978666,0.1469639854,0.241168932,0.2297993732,0.4106028921,0.0966099707,0.1086424858,0.017686812,0.0786654267,0.3082011381,0.2692848385,0.0394105163,0.301594209,0.3017268872,0.0872494138,0.1373557583,0.0494236516,0.1649259519,0.159995522,0.0586109336,0.0292547214,0.1118858009,0.189616929,0.3127472352,0.3127472352,0.1332175326,1.0,0.2228253063,0.1165095816,0.1919071872,0.0324551994,-0.0,0.0066895244,0.0160346098,0.0566336199,0.056256294,0.2665231958,0.0018766913,0.0887302678,0.2658342075}}
C:\repos\RDFUnit Array2DRowRealMatrix{{0.2049781465,0.0927650452,0.0977698801,0.5135340305,0.069882071,0.1447425315,0.121887216,0.1089949926,0.359332493,0.0657606147,0.0193800724,0.1803107149,0.2394757415,0.203082577,0.0628217281,0.2703078574,0.4553447447,0.0960108595,0.1094283927,0.0502604002,0.0368056752,0.351158238,0.2574550488,-0.0,0.0625773392,0.0805015855,0.2858623213,0.2858623213,0.093118563,0.2228253063,1.0,0.1354510788,0.3703693676,0.0023214294,-0.0,0.4134092436,0.0112142377,0.1598541905,0.116288647,0.3596829686,0.0402703385,0.0,0.013421912}}
C:\repos\SPARQL2NL Array2DRowRealMatrix{{0.3081965977,0.5508392912,0.0825348867,0.0060242786,0.0883124785,0.1353978271,0.3343531428,0.2233128402,0.0568530077,0.1995624585,0.1547962279,0.13256634,0.3957686867,0.3948694526,0.1888514982,0.2412187293,0.4450132979,0.2330250834,0.1647882179,0.3746250786,0.0524100114,0.2891991073,0.054780372,0.1721581,0.0841085144,0.1295834118,0.2033830994,0.2033830994,0.0651342477,0.1165095816,0.1354510788,1.0,0.4676726878,0.0334236461,0.0153982886,0.0236198965,0.0364336088,0.3634787806,0.2572105415,0.1473950903,0.1027087095,0.159844783,0.0920223752}}
C:\repos\Sparqlify Array2DRowRealMatrix{{0.2839083682,0.4487935191,0.0868612578,0.3562742041,0.1423502752,0.1602702847,0.2225954853,0.1631854456,0.0353545768,0.1443409441,0.0077867802,0.0801548011,0.3003739802,0.2924100622,0.0456856824,0.2548718141,0.9095375903,0.1642905268,0.4738522556,0.2373618499,0.0337252806,0.3353010859,0.177651744,0.0118694885,0.1452650005,0.0306077863,0.2867828755,0.2867828755,0.0737121938,0.1919071872,0.3703693676,0.4676726878,1.0,0.0065840076,0.0088469944,0.0162848038,0.0287937728,0.2546683493,0.2042151642,0.2358150567,0.0411171141,0.0227757896,0.0507560676}}
C:\repos\spring-petclinic Array2DRowRealMatrix{{0.0400411939,0.098007457,0.0052764021,0.0,0.0294358234,0.0394208264,0.0176127924,-0.0,0.0,0.1428884715,-0.0,0.0381369627,0.0184541583,0.019365068,0.0,0.011847809,0.004260438,0.0,-0.0,0.0152792,0.0375260281,0.0232565127,0.0490290338,-0.0,0.0,-0.0,0.1120707735,0.1120707735,0.0085080453,0.0324551994,0.0023214294,0.0334236461,0.0065840076,1.0,0.1240347346,0.0,0.0010556702,0.0456141376,0.0483937239,0.0761078207,-0.0,0.1030052405,0.0741249317}}
C:\repos\spring-projects Array2DRowRealMatrix{{0.0382604356,-0.0,0.0042539713,-0.0,0.0316425594,0.0,0.0113599098,0.022660071,0.0,0.0504001613,0.0,-0.0,0.0446346542,0.0468378509,-0.0,-0.0,0.0369249057,0.0,0.0261017632,0.0,0.0,0.025,-0.0,-0.0,-0.0,-0.0,0.0492841888,0.0492841888,0.0274376217,-0.0,-0.0,0.0153982886,0.0088469944,0.1240347346,1.0,-0.0,-0.0,0.0298799259,0.0317007174,0.0,0.0430331483,0.0,-0.0}}
C:\repos\sps Array2DRowRealMatrix{{0.0183402591,0.0220373132,0.0130505883,0.0,0.0060671838,0.0325009966,0.0410739359,0.0695179245,0.7995559256,0.0,-0.0,0.0,0.0912885787,0.0478973224,-0.0,0.0,0.0474197189,-0.0,0.0266921847,-0.0,-0.0,0.0239676559,0.0,-0.0,-0.0,0.1434299944,0.0125997491,0.0125997491,0.0140291302,0.0066895244,0.4134092436,0.0236198965,0.0162848038,0.0,-0.0,1.0,0.0,0.1762835159,0.0523671946,0.0,-0.0,0.0,0.0}}
C:\repos\streamreasoning Array2DRowRealMatrix{{0.0439204022,0.2423492611,0.0162202489,0.0079915086,0.0079447194,0.017853003,0.0418508623,0.0196719032,0.0014787917,0.0326009653,0.0017626179,0.0059316481,0.0348231901,0.0350804029,0.0021975528,0.0243893889,0.0314124848,0.0130982838,0.0054798069,0.0461312168,0.0126174124,0.0257460329,0.0067286037,0.0114188191,0.0157781664,0.0079582831,0.0185122533,0.0185122533,0.0138557536,0.0160346098,0.0112142377,0.0364336088,0.0287937728,0.0010556702,-0.0,0.0,1.0,0.0294609045,0.0209204591,0.0167117097,0.0036625879,0.0049476501,0.0122072311}}
C:\repos\vraptor Array2DRowRealMatrix{{0.3670392483,0.284640399,0.1829382463,0.0725375474,0.262915427,0.1071395922,0.3111409408,0.194009818,0.1657319795,0.2737193852,0.0077350436,0.0541808141,0.4977362753,0.5127953735,0.1721030365,0.125142764,0.2723151278,0.2287420958,0.0523945418,0.4960524043,0.0789262199,0.4519338798,0.132647489,0.2312776577,0.1365790793,0.0462071381,0.2038492116,0.2038492116,0.036472107,0.0566336199,0.1598541905,0.3634787806,0.2546683493,0.0456141376,0.0298799259,0.1762835159,0.0294609045,1.0,0.9375187435,0.1898310233,0.4480613535,0.0190876368,0.0}}
C:\repos\vraptor4 Array2DRowRealMatrix{{0.3678884837,0.2140523782,0.1915963331,0.0515171809,0.3682504437,0.0886096469,0.2445829566,0.2005827724,0.0529611989,0.2052457322,0.0092584952,0.0619810522,0.464031221,0.4821771628,0.1353687966,0.094102644,0.210447,0.1451081913,0.0441303797,0.419642472,0.0686116658,0.452497259,0.1021742871,0.1962968095,0.1081718108,0.022231297,0.2278351773,0.2278351773,0.0570940581,0.056256294,0.116288647,0.2572105415,0.2042151642,0.0483937239,0.0317007174,0.0523671946,0.0209204591,0.9375187435,1.0,0.1550141909,0.564561338,0.0192382402,0.0058291699}}
C:\repos\wikimedia Array2DRowRealMatrix{{0.2004317838,0.2089235612,0.1263356404,0.4705162507,0.1194077965,0.1807140456,0.3363740249,0.2016114689,0.0959512265,0.3331127047,0.292271882,0.2113035375,0.193540895,0.1638165518,0.0950586376,0.3188449826,0.322469264,0.5099283772,0.2295635919,0.1421022998,0.1113849444,0.3137034433,0.1843357499,0.027441065,0.1868776462,0.3241670426,0.202143088,0.202143088,0.2817181914,0.2665231958,0.3596829686,0.1473950903,0.2358150567,0.0761078207,0.0,0.0,0.0167117097,0.1898310233,0.1550141909,1.0,0.0,0.096817879,0.1173429298}}
C:\repos\Yaccc Array2DRowRealMatrix{{0.3313514836,0.0185471628,0.2709314337,0.0448956686,0.3506323297,0.0501483852,0.2182378044,0.2535348912,-0.0,0.0743615182,0.0,0.1852396434,0.3425372616,0.3762416343,-0.0,-0.0,0.0443440449,-0.0,0.0524179156,0.2067402418,0.0065097214,0.3899879064,-0.0,-0.0,0.0569831791,0.030178582,0.3817536853,0.3817536853,0.0157430299,0.0018766913,0.0402703385,0.1027087095,0.0411171141,-0.0,0.0430331483,-0.0,0.0036625879,0.4480613535,0.564561338,0.0,1.0,0.0178685422,-0.0}}
C:\repos\ykameshrao Array2DRowRealMatrix{{0.1390093353,0.2177368707,0.0229627509,0.0433198882,0.0788331458,0.0219946551,0.0747972833,0.0423408706,0.0,0.2032959852,0.0788262158,0.1021359824,0.176068548,0.1555868722,0.0,0.0317300468,0.0363694819,0.0,0.0072254448,0.0562646966,0.282655733,0.295849522,0.0656532164,-0.0,0.0962204994,0.0485322541,0.0645757482,0.0645757482,0.0284821308,0.0887302678,0.0,0.159844783,0.0227757896,0.1030052405,0.0,0.0,0.0049476501,0.0190876368,0.0192382402,0.096817879,0.0178685422,1.0,0.0992583334}}
C:\repos\zserge Array2DRowRealMatrix{{0.0800274427,0.1974703653,0.0559291507,0.0,0.0,0.1012982902,0.0252157084,0.067709913,0.0,0.1290851029,-0.0,-0.0,0.1511544109,0.121294202,-0.0,-0.0,0.0297645909,0.0,0.0415967656,0.0,0.0361609854,0.0149403576,0.0944911183,0.0,-0.0,-0.0,0.1086486093,0.1086486093,0.207696793,0.2658342075,0.013421912,0.0920223752,0.0507560676,0.0741249317,-0.0,0.0,0.0122072311,0.0,0.0058291699,0.1173429298,-0.0,0.0992583334,1.0}}

C:\repos\allwefantasy Array2DRowRealMatrix{{1.0,0.139954202,0.1826582411,0.0385642691,0.2619663794,0.1789523988,0.1310775435,0.2339394861,0.0355765712,0.2515911688,0.0341948549,0.0685884809,0.1938391436,0.2143716004,0.0243552296,0.1400006606,0.1691555639,0.0617763452,0.1245772658,0.0838650612,0.0626006753,0.2296305068,0.1137480968,0.0190402883,0.0258199372,0.0764925325,0.2556171496,0.2556171496,0.0916499745,0.2378831075,0.1565402958,0.1295527752,0.2133450036,0.0779421045,0.0201594668,0.0057553491,0.0247675413,0.1871971554,0.2042029229,0.0861220463,0.1475598121,0.0521306782,0.0270440223}}
C:\repos\AskNowQA Array2DRowRealMatrix{{0.139954202,1.0,0.09097863,0.0047844621,0.0634740858,0.1175948437,0.1489877811,0.0548021115,0.0396519089,0.1403272676,0.0319020209,0.0957630852,0.0849915523,0.0828638663,0.038028228,0.0843014793,0.2748644323,0.0440580319,0.1584624896,0.048454169,0.0390468818,0.0803115243,0.1274044115,0.0366854218,0.0176103928,0.1164402542,0.0982942767,0.0982942767,0.0775441068,0.1240332613,0.0962397713,0.3963193597,0.2665743918,0.019268963,0.0031736038,0.0265379496,0.0980213657,0.0716418094,0.0617267502,0.113270504,0.0170932463,0.0317183817,0.033775873}}
C:\repos\b3log Array2DRowRealMatrix{{0.1826582411,0.09097863,1.0,0.0610114267,0.1937294447,0.1638599128,0.0766394659,0.157615221,0.0381357019,0.1007887029,0.1157351429,0.0479430718,0.1322781691,0.1320567741,0.026074641,0.0671195325,0.0996336905,0.0313260641,0.0912625917,0.0413186531,0.0434986669,0.1264198933,0.0296927053,0.0362878884,0.0101829394,0.0431263599,0.1527976259,0.1527976259,0.0857075622,0.111838535,0.1557777828,0.097947374,0.0937979115,0.0070136625,0.0117055429,0.0217517249,0.0178456987,0.0852848725,0.0830732961,0.0541085381,0.1121863088,0.024284351,0.0127332301}}
C:\repos\benas Array2DRowRealMatrix{{0.0385642691,0.0047844621,0.0610114267,1.0,0.0392008774,0.0207154091,0.0195356984,0.0220657198,0.0103003791,0.1746700988,0.3962037345,0.0805652235,0.1415619711,0.1433752089,0.0,0.0165031187,0.0523350714,0.0,0.0156517524,0.0203734688,0.064301633,0.2636945178,0.0966378115,0.0,0.0030388766,0.0044527668,0.0593312077,0.0593312077,0.0096145066,0.0079925746,0.13168448,0.0011113787,0.0652617003,0.0175004318,0.022688025,0.0237451905,0.0017219982,0.0822858182,0.0621851371,0.0517397643,0.0393284934,0.2428187274,0.0695545877}}
C:\repos\biezhi Array2DRowRealMatrix{{0.2619663794,0.0634740858,0.1937294447,0.0392008774,1.0,0.1332725436,0.0660098816,0.182491452,0.0365090768,0.1374362825,0.0541949209,0.0792108965,0.1248328309,0.1263132516,0.0128454057,0.0559945589,0.0718162955,0.0606045788,0.0782921538,0.0760275891,0.0480155562,0.1887519294,0.0714695626,0.0102514184,0.0210243901,0.0623208988,0.1779737644,0.1779737644,0.0485008162,0.0892783736,0.0625397319,0.0497957202,0.0991853513,0.0066800712,0.0462873927,0.0517928651,0.0064402326,0.170196159,0.2140723782,0.0724814414,0.1979528454,0.0548688075,0.0372841712}}
C:\repos\devinhu Array2DRowRealMatrix{{0.1789523988,0.1175948437,0.1638599128,0.0207154091,0.1332725436,1.0,0.0545138069,0.1177717439,0.0330467494,0.239211701,0.071030253,0.0245402258,0.1362234839,0.1334531167,0.0127993138,0.0695206458,0.096318407,0.0875945001,0.1087210247,0.1499741713,0.0551735904,0.1144863218,0.0918878911,0.0300185171,0.0101820843,0.0254034323,0.1349749131,0.1349749131,0.0960389873,0.1358692863,0.1058961951,0.062801288,0.1005747557,0.0215530914,0.020403895,0.0172023407,0.0092996314,0.0879402673,0.0690005249,0.1039306124,0.1047490978,0.0206671901,0.2598777549}}
C:\repos\eclipse Array2DRowRealMatrix{{0.1310775435,0.1489877811,0.0766394659,0.0195356984,0.0660098816,0.0545138069,1.0,0.1287825872,0.0611331282,0.0898085708,0.0284471883,0.0785951684,0.0583080605,0.0591732329,0.118663196,0.1184572601,0.4967657158,0.075364765,0.0829937027,0.0738920816,0.0310583204,0.0800419604,0.0217889316,0.0876239598,0.4293080441,0.0953641438,0.1267925994,0.1267925994,0.0560843197,0.1318735903,0.0915014088,0.2983592726,0.1351004956,0.1247236118,0.01198959,0.0783106933,0.024273928,0.0999104855,0.089890165,0.1499323194,0.0657309047,0.0275627499,0.0249219333}}
C:\repos\florinpatrascu Array2DRowRealMatrix{{0.2339394861,0.0548021115,0.157615221,0.0220657198,0.182491452,0.1177717439,0.1287825872,1.0,0.0526506678,0.1099426487,0.0873896486,0.044530025,0.1195602234,0.1195201843,0.0301026149,0.1284868987,0.0910823397,0.0675979763,0.1029467841,0.06115577,0.0293203717,0.1661341409,0.0337672618,0.0,0.0099105692,0.1026886977,0.1316201777,0.1316201777,0.0627319068,0.1895447754,0.0890017644,0.0655072136,0.1056475496,0.0107624263,0.0262433145,0.0834447536,0.013653165,0.1454456233,0.1504837013,0.0905773661,0.142272124,0.0326401772,0.069850979}}
C:\repos\freebase2rdf Array2DRowRealMatrix{{0.0355765712,0.0396519089,0.0381357019,0.0103003791,0.0365090768,0.0330467494,0.0611331282,0.0526506678,1.0,0.0354070604,0.0066067223,0.0317775519,0.0326716092,0.026660162,0.0430343681,0.2925535976,0.0371534089,0.0200804832,0.0269113771,0.0084929686,0.0441550775,0.0209447488,0.0264813571,-0.0,0.0018505197,0.0711770355,0.0340016608,0.0340016608,0.0177708589,0.0747038208,0.1735568666,0.0272642634,0.0480899751,0.0607441217,0.1229133447,0.1156768043,0.0061009942,0.1152079318,0.0738002661,0.0400996364,0.0169051984,0.0266640224,0.0070591948}}
C:\repos\h819 Array2DRowRealMatrix{{0.2515911688,0.1403272676,0.1007887029,0.1746700988,0.1374362825,0.239211701,0.0898085708,0.1099426487,0.0354070604,1.0,0.1179132205,0.0507747273,0.261288656,0.2534848257,0.0325874434,0.0735371794,0.1096174002,0.1408455597,0.0945590156,0.0824940587,0.1735656252,0.2473211722,0.1559662488,0.0445830351,0.0140447649,0.0339722374,0.1714047555,0.1714047555,0.0532394169,0.0877051585,0.0847102041,0.099421266,0.1217077325,0.064191811,0.035354139,0.0119448229,0.0380663047,0.1378062565,0.1158793721,0.1504454683,0.0672069883,0.1425059592,0.0287254251}}
C:\repos\hzxie Array2DRowRealMatrix{{0.0341948549,0.0319020209,0.1157351429,0.3962037345,0.0541949209,0.071030253,0.0284471883,0.0873896486,0.0066067223,0.1179132205,1.0,0.1098419916,0.1080051688,0.112269887,0.0004197047,0.0082329295,0.0149616335,0.0721998811,0.0422561813,0.0371078663,0.0616539001,0.2180384093,0.0759304577,0.0011484001,0.000126334,0.0580329468,0.0381447091,0.0381447091,0.0217812978,0.0076036211,0.0701768526,0.027959352,0.0155164463,0.0039287071,0.0612754797,0.0575366946,0.0013015987,0.065942751,0.0391364933,0.0693520435,0.01961985,0.1793860857,0.3440961946}}
C:\repos\jbarrasa Array2DRowRealMatrix{{0.0685884809,0.0957630852,0.0479430718,0.0805652235,0.0792108965,0.0245402258,0.0785951684,0.044530025,0.0317775519,0.0507747273,0.1098419916,1.0,0.058834732,0.0660577173,0.042074586,0.0666937536,0.0761895918,0.0333159858,0.1213902215,0.0203592452,0.0811201789,0.1123502109,0.0082379664,0.0523294907,0.0277760701,0.084772781,0.0439502758,0.0439502758,0.0538683615,0.0490137459,0.0685831953,0.1192826147,0.0413183559,0.0029836762,0.0284551147,0.0102815364,0.005931034,0.0512527554,0.0425629427,0.1182099398,0.0486454006,0.0090488629,-0.0}}
C:\repos\jeeweb Array2DRowRealMatrix{{0.1938391436,0.0849915523,0.1322781691,0.1415619711,0.1248328309,0.1362234839,0.0583080605,0.1195602234,0.0326716092,0.261288656,0.1080051688,0.058834732,1.0,0.9323976833,0.0136809375,0.0626950298,0.0753187824,0.0263533517,0.0645899377,0.0639686688,0.1016832524,0.2450627934,0.0676187502,0.0280754328,0.0077213536,0.0751935727,0.1454751743,0.1454751743,0.0431543833,0.1004428413,0.1176913419,0.0773053667,0.0984419765,0.0459711173,0.0305819882,0.0495041272,0.0091709023,0.1320591961,0.1281535449,0.0730556458,0.092964797,0.0997937124,0.0136951864}}
C:\repos\jeeweb-mybatis Array2DRowRealMatrix{{0.2143716004,0.0828638663,0.1320567741,0.1433752089,0.1263132516,0.1334531167,0.0591732329,0.1195201843,0.026660162,0.2534848257,0.112269887,0.0660577173,0.9323976833,1.0,0.0147079098,0.0639191393,0.0726428375,0.0285331591,0.064090096,0.0642370968,0.0937864141,0.2295373739,0.061050185,0.0300000143,0.0077676901,0.0750133535,0.1368415951,0.1368415951,0.0452654212,0.0760968826,0.1016691962,0.0739827982,0.0940574344,0.0250319129,0.0325763745,0.0452855523,0.0090229885,0.1235361574,0.1189328022,0.0596370924,0.0966978686,0.09595006,0.0114636472}}
C:\repos\jena-examples Array2DRowRealMatrix{{0.0243552296,0.038028228,0.026074641,0.0,0.0128454057,0.0127993138,0.118663196,0.0301026149,0.0430343681,0.0325874434,0.0004197047,0.042074586,0.0136809375,0.0147079098,1.0,0.2208923062,0.1028687785,0.0153078161,0.1186032929,0.0536993199,0.0223873649,0.011327702,0.0075702563,0.0336616276,0.0039675765,0.0941796798,0.0260260482,0.0260260482,0.032135067,0.0640670036,0.0390789195,0.1104435818,0.0882133621,0.0018278939,0.0016342968,-0.0,0.0094835344,0.0111386415,0.0085337667,0.0322064973,0.0,0.0,0.0269069361}}
C:\repos\jena-grande Array2DRowRealMatrix{{0.1400006606,0.0843014793,0.0671195325,0.0165031187,0.0559945589,0.0695206458,0.1184572601,0.1284868987,0.2925535976,0.0735371794,0.0082329295,0.0666937536,0.0626950298,0.0639191393,0.2208923062,1.0,0.1966760702,0.0667284809,0.1020036908,0.0666135719,0.0017303019,0.1147467375,0.0201664179,0.0244557994,0.0144125911,0.0794048075,0.088777285,0.088777285,0.0298700743,0.1703860991,0.143906255,0.1310816507,0.1540981284,0.019919985,0.0225595937,0.0034321427,0.0184524333,0.0515517794,0.0484513865,0.0757480754,0.0087776321,0.1117642869,0.0215032293}}
C:\repos\jena-sparql-api Array2DRowRealMatrix{{0.1691555639,0.2748644323,0.0996336905,0.0523350714,0.0718162955,0.096318407,0.4967657158,0.0910823397,0.0371534089,0.1096174002,0.0149616335,0.0761895918,0.0753187824,0.0726428375,0.1028687785,0.1966760702,1.0,0.0877006576,0.2853430199,0.0686154732,0.0156290616,0.1208821744,0.0996335075,0.0213892798,0.030188392,0.0665946934,0.1847762849,0.1847762849,0.0463274209,0.2004901245,0.2359225332,0.4282292794,0.6042503588,0.1122933133,0.0106931821,0.0298438372,0.0281109321,0.1032854262,0.095138737,0.1345786442,0.0362933069,0.0182252497,0.0321749709}}
C:\repos\jprante Array2DRowRealMatrix{{0.0617763452,0.0440580319,0.0313260641,0.0,0.0606045788,0.0875945001,0.075364765,0.0675979763,0.0200804832,0.1408455597,0.0721998811,0.0333159858,0.0263533517,0.0285331591,0.0153078161,0.0667284809,0.0877006576,1.0,0.0837609856,0.0211473213,0.0300793626,0.0267807588,0.0329690237,0.0,0.0040317872,0.0405095747,0.0326559032,0.0326559032,0.0128631052,0.1065335806,0.0734159728,0.0830538176,0.0844616314,0.0079606128,-0.0,-0.0,0.0054593925,0.0871376222,0.0684802902,0.1414503265,0.0263085028,0.0120714328,0.0117181689}}
C:\repos\jsonld-java Array2DRowRealMatrix{{0.1245772658,0.1584624896,0.0912625917,0.0156517524,0.0782921538,0.1087210247,0.0829937027,0.1029467841,0.0269113771,0.0945590156,0.0422561813,0.1213902215,0.0645899377,0.064090096,0.1186032929,0.1020036908,0.2853430199,0.0837609856,1.0,0.0429284727,0.0151168623,0.0547808841,0.0533893464,0.0122792657,0.0252797413,0.0631968954,0.1266048809,0.1266048809,0.0393045138,0.1311591943,0.101465005,0.1293335622,0.2666254573,0.0046675214,0.0035770042,0.038773802,0.0268008243,0.0585905174,0.0598386303,0.1085238694,0.0317322162,0.0161778418,0.0372979643}}
C:\repos\kejunxia Array2DRowRealMatrix{{0.0838650612,0.048454169,0.0413186531,0.0203734688,0.0760275891,0.1499741713,0.0738920816,0.06115577,0.0084929686,0.0824940587,0.0371078663,0.0203592452,0.0639686688,0.0642370968,0.0536993199,0.0666135719,0.0686154732,0.0211473213,0.0429284727,1.0,0.0085157128,0.0828471423,0.0213263176,0.0054708942,0.0106612698,0.0226765321,0.0625459692,0.0625459692,0.0359450716,0.0554074531,0.0482577735,0.0538499049,0.0508576982,0.0148540268,0.0265615933,0.1109454856,0.0074231493,0.1525139,0.1426770994,0.0357535963,0.0479119286,0.0256780106,0.1401572231}}
C:\repos\KEN-LJQ Array2DRowRealMatrix{{0.0626006753,0.0390468818,0.0434986669,0.064301633,0.0480155562,0.0551735904,0.0310583204,0.0293203717,0.0441550775,0.1735656252,0.0616539001,0.0811201789,0.1016832524,0.0937864141,0.0223873649,0.0017303019,0.0156290616,0.0300793626,0.0151168623,0.0085157128,1.0,0.0774554287,0.0854902773,0.0,0.0012903988,0.0160716236,0.0555489915,0.0555489915,0.0103105911,0.0648259019,0.028971032,0.0112363084,0.0191179036,0.0133761813,0.0177177389,0.0012803714,0.0042543268,0.0497933162,0.0328090127,0.024707303,0.0117882818,0.0604750983,0.0010938881}}
C:\repos\ldcsaa Array2DRowRealMatrix{{0.2296305068,0.0803115243,0.1264198933,0.2636945178,0.1887519294,0.1144863218,0.0800419604,0.1661341409,0.0209447488,0.2473211722,0.2180384093,0.1123502109,0.2450627934,0.2295373739,0.011327702,0.1147467375,0.1208821744,0.0267807588,0.0547808841,0.0828471423,0.0774554287,1.0,0.0980523077,0.0159402678,0.0134927308,0.0443229415,0.2160729974,0.2160729974,0.0221049762,0.0730781261,0.1423096373,0.0786680075,0.1536194767,0.0397208963,0.0376207086,0.0173994139,0.0161396108,0.191044669,0.1763040597,0.0723785731,0.2247180902,0.1477739634,0.0091668899}}
C:\repos\livrospringmvc Array2DRowRealMatrix{{0.1137480968,0.1274044115,0.0296927053,0.0966378115,0.0714695626,0.0918878911,0.0217889316,0.0337672618,0.0264813571,0.1559662488,0.0759304577,0.0082379664,0.0676187502,0.061050185,0.0075702563,0.0201664179,0.0996335075,0.0329690237,0.0533893464,0.0213263176,0.0854902773,0.0980523077,1.0,0.0,0.0026584817,0.0033389028,0.0548000625,0.0548000625,0.0176418952,0.0786088012,0.0902168825,0.0252390911,0.1633172304,0.123353207,0.1102885356,0.0440893336,0.0032867892,0.0823350688,0.0664838587,0.0384051225,0.0104083878,0.0537277528,0.1506712692}}
C:\repos\neo4j-contrib Array2DRowRealMatrix{{0.0190402883,0.0366854218,0.0362878884,0.0,0.0102514184,0.0300185171,0.0876239598,0.0,-0.0,0.0445830351,0.0011484001,0.0523294907,0.0280754328,0.0300000143,0.0336616276,0.0244557994,0.0213892798,0.0,0.0122792657,0.0054708942,0.0,0.0159402678,0.0,1.0,0.0224359819,0.0477213572,0.0145465005,0.0145465005,0.00452572,0.0031872862,0.0104831479,0.0326699212,0.038959574,0.0050015007,0.0044717782,-0.0,0.0014913182,0.0259624476,0.0229177624,0.0433150498,-0.0,0.0,0.0}}
C:\repos\niclashoyer Array2DRowRealMatrix{{0.0258199372,0.0176103928,0.0101829394,0.0030388766,0.0210243901,0.0101820843,0.4293080441,0.0099105692,0.0018505197,0.0140447649,0.000126334,0.0277760701,0.0077213536,0.0077676901,0.0039675765,0.0144125911,0.030188392,0.0040317872,0.0252797413,0.0106612698,0.0012903988,0.0134927308,0.0026584817,0.0224359819,1.0,0.0050747716,0.0151664669,0.0151664669,0.0180655143,0.0197521095,0.011186402,0.0134774065,0.0320702917,-0.0,-0.0,0.0056879385,0.0025593041,0.0136595835,0.0123679199,0.0228392898,0.0083643996,0.0058403338,0.0014173549}}
C:\repos\nkons Array2DRowRealMatrix{{0.0764925325,0.1164402542,0.0431263599,0.0044527668,0.0623208988,0.0254034323,0.0953641438,0.1026886977,0.0711770355,0.0339722374,0.0580329468,0.084772781,0.0751935727,0.0750133535,0.0941796798,0.0794048075,0.0665946934,0.0405095747,0.0631968954,0.0226765321,0.0160716236,0.0443229415,0.0033389028,0.0477213572,0.0050747716,1.0,0.0367990715,0.0367990715,0.0257934065,0.0816887115,0.1059505253,0.0943515767,0.0501315414,-0.0,0.0021624465,0.2750335755,0.0113944276,0.0235630458,0.01871477,0.1654022518,0.0815295888,0.006418238,0.0275918235}}
C:\repos\nutzam Array2DRowRealMatrix{{0.2556171496,0.0982942767,0.1527976259,0.0593312077,0.1779737644,0.1349749131,0.1267925994,0.1316201777,0.0340016608,0.1714047555,0.0381447091,0.0439502758,0.1454751743,0.1368415951,0.0260260482,0.088777285,0.1847762849,0.0326559032,0.1266048809,0.0625459692,0.0555489915,0.2160729974,0.0548000625,0.0145465005,0.0151664669,0.0367990715,1.0,1.0,0.0466729241,0.1711513818,0.1437787031,0.0961791253,0.1882450226,0.0965569432,0.0395496242,0.0243147657,0.0120527572,0.1057138753,0.109943134,0.0744048504,0.1666980905,0.0429869576,0.0372948852}}
C:\repos\ontopia Array2DRowRealMatrix{{0.2556171496,0.0982942767,0.1527976259,0.0593312077,0.1779737644,0.1349749131,0.1267925994,0.1316201777,0.0340016608,0.1714047555,0.0381447091,0.0439502758,0.1454751743,0.1368415951,0.0260260482,0.088777285,0.1847762849,0.0326559032,0.1266048809,0.0625459692,0.0555489915,0.2160729974,0.0548000625,0.0145465005,0.0151664669,0.0367990715,1.0,1.0,0.0466729241,0.1711513818,0.1437787031,0.0961791253,0.1882450226,0.0965569432,0.0395496242,0.0243147657,0.0120527572,0.1057138753,0.109943134,0.0744048504,0.1666980905,0.0429869576,0.0372948852}}
C:\repos\pyvandenbussche Array2DRowRealMatrix{{0.0916499745,0.0775441068,0.0857075622,0.0096145066,0.0485008162,0.0960389873,0.0560843197,0.0627319068,0.0177708589,0.0532394169,0.0217812978,0.0538683615,0.0431543833,0.0452654212,0.032135067,0.0298700743,0.0463274209,0.0128631052,0.0393045138,0.0359450716,0.0103105911,0.0221049762,0.0176418952,0.00452572,0.0180655143,0.0257934065,0.0466729241,0.0466729241,1.0,0.0630101199,0.0636153471,0.07388756,0.0377585633,0.0051608693,0.0166992544,0.0485883989,0.0075476329,0.0392694018,0.0483796368,0.0584927947,0.0159187612,0.0126705305,0.0394315014}}
C:\repos\rdfhdt Array2DRowRealMatrix{{0.2378831075,0.1240332613,0.111838535,0.0079925746,0.0892783736,0.1358692863,0.1318735903,0.1895447754,0.0747038208,0.0877051585,0.0076036211,0.0490137459,0.1004428413,0.0760968826,0.0640670036,0.1703860991,0.2004901245,0.1065335806,0.1311591943,0.0554074531,0.0648259019,0.0730781261,0.0786088012,0.0031872862,0.0197521095,0.0816887115,0.1711513818,0.1711513818,0.0630101199,1.0,0.1621812395,0.1636242644,0.1495870045,0.1110571243,0.008304653,0.0474889664,0.0099463505,0.0654722423,0.0611358404,0.102511631,0.021888057,0.0241892914,0.0487462077}}
C:\repos\RDFUnit Array2DRowRealMatrix{{0.1565402958,0.0962397713,0.1557777828,0.13168448,0.0625397319,0.1058961951,0.0915014088,0.0890017644,0.1735568666,0.0847102041,0.0701768526,0.0685831953,0.1176913419,0.1016691962,0.0390789195,0.143906255,0.2359225332,0.0734159728,0.101465005,0.0482577735,0.028971032,0.1423096373,0.0902168825,0.0104831479,0.011186402,0.1059505253,0.1437787031,0.1437787031,0.0636153471,0.1621812395,1.0,0.1054164569,0.2552402653,0.0147437297,0.0135384566,0.1673503376,0.0099567966,0.1264469688,0.1160998205,0.1450607205,0.0521495368,0.0163147988,0.0120246585}}
C:\repos\SPARQL2NL Array2DRowRealMatrix{{0.1295527752,0.3963193597,0.097947374,0.0011113787,0.0497957202,0.062801288,0.2983592726,0.0655072136,0.0272642634,0.099421266,0.027959352,0.1192826147,0.0773053667,0.0739827982,0.1104435818,0.1310816507,0.4282292794,0.0830538176,0.1293335622,0.0538499049,0.0112363084,0.0786680075,0.0252390911,0.0326699212,0.0134774065,0.0943515767,0.0961791253,0.0961791253,0.07388756,0.1636242644,0.1054164569,1.0,0.2672210315,0.0558823325,0.0074020272,0.0120354094,0.0358967324,0.082913755,0.0725004129,0.1139344671,0.0182401803,0.0136001964,0.0307204899}}
C:\repos\Sparqlify Array2DRowRealMatrix{{0.2133450036,0.2665743918,0.0937979115,0.0652617003,0.0991853513,0.1005747557,0.1351004956,0.1056475496,0.0480899751,0.1217077325,0.0155164463,0.0413183559,0.0984419765,0.0940574344,0.0882133621,0.1540981284,0.6042503588,0.0844616314,0.2666254573,0.0508576982,0.0191179036,0.1536194767,0.1633172304,0.038959574,0.0320702917,0.0501315414,0.1882450226,0.1882450226,0.0377585633,0.1495870045,0.2552402653,0.2672210315,1.0,0.0180432487,0.0066964013,0.0365135916,0.0191244848,0.1325395316,0.1169668354,0.1270327252,0.0540044735,0.0152290637,0.0437237653}}
C:\repos\spring-petclinic Array2DRowRealMatrix{{0.0779421045,0.019268963,0.0070136625,0.0175004318,0.0066800712,0.0215530914,0.1247236118,0.0107624263,0.0607441217,0.064191811,0.0039287071,0.0029836762,0.0459711173,0.0250319129,0.0018278939,0.019919985,0.1122933133,0.0079606128,0.0046675214,0.0148540268,0.0133761813,0.0397208963,0.123353207,0.0050015007,-0.0,-0.0,0.0965569432,0.0965569432,0.0051608693,0.1110571243,0.0147437297,0.0558823325,0.0180432487,1.0,0.2787648611,0.0,0.0018139872,0.1006892546,0.0846481548,0.0232776214,-0.0,0.0792792021,0.0153918279}}
C:\repos\spring-projects Array2DRowRealMatrix{{0.0201594668,0.0031736038,0.0117055429,0.022688025,0.0462873927,0.020403895,0.01198959,0.0262433145,0.1229133447,0.035354139,0.0612754797,0.0284551147,0.0305819882,0.0325763745,0.0016342968,0.0225595937,0.0106931821,-0.0,0.0035770042,0.0265615933,0.0177177389,0.0376207086,0.1102885356,0.0044717782,-0.0,0.0021624465,0.0395496242,0.0395496242,0.0166992544,0.008304653,0.0135384566,0.0074020272,0.0066964013,0.2787648611,1.0,0.0131790173,0.0018245958,0.192198225,0.1750257524,0.0131979967,0.0202230341,0.0773263937,0.070059247}}
C:\repos\sps Array2DRowRealMatrix{{0.0057553491,0.0265379496,0.0217517249,0.0237451905,0.0517928651,0.0172023407,0.0783106933,0.0834447536,0.1156768043,0.0119448229,0.0575366946,0.0102815364,0.0495041272,0.0452855523,-0.0,0.0034321427,0.0298438372,-0.0,0.038773802,0.1109454856,0.0012803714,0.0173994139,0.0440893336,-0.0,0.0056879385,0.2750335755,0.0243147657,0.0243147657,0.0485883989,0.0474889664,0.1673503376,0.0120354094,0.0365135916,0.0,0.0131790173,1.0,0.0,0.1321460249,0.124464494,0.0513559041,0.1006753549,0.0372532504,0.0904076358}}
C:\repos\streamreasoning Array2DRowRealMatrix{{0.0247675413,0.0980213657,0.0178456987,0.0017219982,0.0064402326,0.0092996314,0.024273928,0.013653165,0.0061009942,0.0380663047,0.0013015987,0.005931034,0.0091709023,0.0090229885,0.0094835344,0.0184524333,0.0281109321,0.0054593925,0.0268008243,0.0074231493,0.0042543268,0.0161396108,0.0032867892,0.0014913182,0.0025593041,0.0113944276,0.0120527572,0.0120527572,0.0075476329,0.0099463505,0.0099567966,0.0358967324,0.0191244848,0.0018139872,0.0018245958,0.0,1.0,0.0116509447,0.0079003309,0.0105973934,0.0074936579,0.0018051606,0.0028371115}}
C:\repos\vraptor Array2DRowRealMatrix{{0.1871971554,0.0716418094,0.0852848725,0.0822858182,0.170196159,0.0879402673,0.0999104855,0.1454456233,0.1152079318,0.1378062565,0.065942751,0.0512527554,0.1320591961,0.1235361574,0.0111386415,0.0515517794,0.1032854262,0.0871376222,0.0585905174,0.1525139,0.0497933162,0.191044669,0.0823350688,0.0259624476,0.0136595835,0.0235630458,0.1057138753,0.1057138753,0.0392694018,0.0654722423,0.1264469688,0.082913755,0.1325395316,0.1006892546,0.192198225,0.1321460249,0.0116509447,1.0,0.8959686624,0.0887557499,0.1650571472,0.071570941,0.0312644054}}
C:\repos\vraptor4 Array2DRowRealMatrix{{0.2042029229,0.0617267502,0.0830732961,0.0621851371,0.2140723782,0.0690005249,0.089890165,0.1504837013,0.0738002661,0.1158793721,0.0391364933,0.0425629427,0.1281535449,0.1189328022,0.0085337667,0.0484513865,0.095138737,0.0684802902,0.0598386303,0.1426770994,0.0328090127,0.1763040597,0.0664838587,0.0229177624,0.0123679199,0.01871477,0.109943134,0.109943134,0.0483796368,0.0611358404,0.1160998205,0.0725004129,0.1169668354,0.0846481548,0.1750257524,0.124464494,0.0079003309,0.8959686624,1.0,0.0762293489,0.178821497,0.0661739582,0.0239529338}}
C:\repos\wikimedia Array2DRowRealMatrix{{0.0861220463,0.113270504,0.0541085381,0.0517397643,0.0724814414,0.1039306124,0.1499323194,0.0905773661,0.0400996364,0.1504454683,0.0693520435,0.1182099398,0.0730556458,0.0596370924,0.0322064973,0.0757480754,0.1345786442,0.1414503265,0.1085238694,0.0357535963,0.024707303,0.0723785731,0.0384051225,0.0433150498,0.0228392898,0.1654022518,0.0744048504,0.0744048504,0.0584927947,0.102511631,0.1450607205,0.1139344671,0.1270327252,0.0232776214,0.0131979967,0.0513559041,0.0105973934,0.0887557499,0.0762293489,1.0,0.0435303703,0.0249669253,0.0229826811}}
C:\repos\Yaccc Array2DRowRealMatrix{{0.1475598121,0.0170932463,0.1121863088,0.0393284934,0.1979528454,0.1047490978,0.0657309047,0.142272124,0.0169051984,0.0672069883,0.01961985,0.0486454006,0.092964797,0.0966978686,0.0,0.0087776321,0.0362933069,0.0263085028,0.0317322162,0.0479119286,0.0117882818,0.2247180902,0.0104083878,-0.0,0.0083643996,0.0815295888,0.1666980905,0.1666980905,0.0159187612,0.021888057,0.0521495368,0.0182401803,0.0540044735,-0.0,0.0202230341,0.1006753549,0.0074936579,0.1650571472,0.178821497,0.0435303703,1.0,0.0457317106,0.0166475239}}
C:\repos\ykameshrao Array2DRowRealMatrix{{0.0521306782,0.0317183817,0.024284351,0.2428187274,0.0548688075,0.0206671901,0.0275627499,0.0326401772,0.0266640224,0.1425059592,0.1793860857,0.0090488629,0.0997937124,0.09595006,0.0,0.1117642869,0.0182252497,0.0120714328,0.0161778418,0.0256780106,0.0604750983,0.1477739634,0.0537277528,0.0,0.0058403338,0.006418238,0.0429869576,0.0429869576,0.0126705305,0.0241892914,0.0163147988,0.0136001964,0.0152290637,0.0792792021,0.0773263937,0.0372532504,0.0018051606,0.071570941,0.0661739582,0.0249669253,0.0457317106,1.0,0.0042436527}}
C:\repos\zserge Array2DRowRealMatrix{{0.0270440223,0.033775873,0.0127332301,0.0695545877,0.0372841712,0.2598777549,0.0249219333,0.069850979,0.0070591948,0.0287254251,0.3440961946,-0.0,0.0136951864,0.0114636472,0.0269069361,0.0215032293,0.0321749709,0.0117181689,0.0372979643,0.1401572231,0.0010938881,0.0091668899,0.1506712692,0.0,0.0014173549,0.0275918235,0.0372948852,0.0372948852,0.0394315014,0.0487462077,0.0120246585,0.0307204899,0.0437237653,0.0153918279,0.070059247,0.0904076358,0.0028371115,0.0312644054,0.0239529338,0.0229826811,0.0166475239,0.0042436527,1.0}}
