Numero di Termini: 56044
Numero di Termini dopo pulizia: 14180
8 min, 38 sec
original

C:\repos\allwefantasy Array2DRowRealMatrix{{1.0,0.8891704574,0.9999001706,0.9925723464,0.9911703707,0.9975174908,0.4413501751,0.9535561291,0.8213312504,0.9999651115,0.9936935499,0.8241583124,0.9934370144,0.9957573993,0.6030200265,0.90034363,0.7849158518,0.7901846299,0.9855832458,0.9273989882,0.9999975236,0.9931268423,0.9999892342,0.4515183747,0.2347442616,0.7110654096,0.9298396732,0.9298396732,0.9188966929,0.9783014466,0.9915074474,0.733218842,0.9809710913,0.8828269379,0.9778995137,0.6519753783,0.8418641761,0.9821129821,0.9917241075,0.7896141382,0.9911160411,0.9979742183,0.9917789258}}
C:\repos\AskNowQA Array2DRowRealMatrix{{0.8891704574,1.0,0.8826162712,0.8268992128,0.8206473452,0.8547409663,0.8030345768,0.9857029044,0.9913284881,0.8929616552,0.9348709412,0.9919697984,0.8309970609,0.8432930985,0.9012079758,0.9996867799,0.9814392332,0.9830429827,0.9537693614,0.9957829615,0.8901865884,0.8295029459,0.8870376392,0.8097544942,0.6535178,0.953991955,0.6584140104,0.6584140104,0.997568767,0.964680375,0.9411268674,0.963104968,0.9610906782,0.9999064048,0.7738514293,0.9266698189,0.9955097572,0.9594240296,0.9405587323,0.9828719639,0.8204134927,0.9164800235,0.9404133918}}
C:\repos\b3log Array2DRowRealMatrix{{0.9999001706,0.8826162712,1.0,0.9941922207,0.9929449452,0.9984129117,0.4286270268,0.9492048481,0.8131889386,0.9997472574,0.9920099855,0.8160735381,0.9949540042,0.9969581732,0.5916881844,0.8941047838,0.7760826881,0.7814460828,0.9830942318,0.9220208515,0.9998662488,0.9946814841,0.9999549706,0.4388658932,0.220985935,0.7010594551,0.9349460879,0.9349460879,0.9132308116,0.9752762957,0.9895708972,0.7235375404,0.9781298227,0.8761021004,0.9807560673,0.6411965737,0.8341544743,0.9793544177,0.9898110283,0.780865265,0.9928963505,0.9969756635,0.9898718344}}
C:\repos\benas Array2DRowRealMatrix{{0.9925723464,0.8268992128,0.9941922207,1.0,0.99993919,0.9986751745,0.3289059643,0.9098288415,0.745831938,0.9915215031,0.9726714764,0.7491358247,0.9999731611,0.9995557099,0.5014929907,0.8407140519,0.7037075371,0.7097563509,0.9576795805,0.8750023519,0.9922991441,0.9999892075,0.9931261681,0.3396158143,0.1147442567,0.6202445123,0.9676982181,0.9676982181,0.8640784411,0.9458295101,0.9683215445,0.6450476757,0.950064833,0.8191280626,0.9960712582,0.5548884097,0.7699547405,0.9519113016,0.9687388648,0.709100699,0.9999345946,0.9828219113,0.968844877}}
C:\repos\biezhi Array2DRowRealMatrix{{0.9911703707,0.8206473452,0.9929449452,0.99993919,1.0,0.9980469707,0.3184715547,0.9051970845,0.7384404725,0.9900282036,0.97005179,0.7417851574,0.9998315566,0.9991662298,0.4919215125,0.8346915069,0.6958294807,0.7019445634,0.9544470906,0.869610294,0.9908728279,0.9998771626,0.9917749651,0.3292226424,0.1037821423,0.6115563569,0.9704196509,0.9704196509,0.8584748856,0.9421916105,0.9655089026,0.6365815072,0.9465657513,0.8127524866,0.9969872733,0.5456802204,0.7628709846,0.9484747336,0.9659441061,0.7012816731,0.9999999163,0.9807268617,0.9660546811}}
C:\repos\devinhu Array2DRowRealMatrix{{0.9975174908,0.8547409663,0.9984129117,0.9986751745,0.9980469707,1.0,0.3770649614,0.9299775881,0.7791215788,0.9968944645,0.9833306006,0.7822297821,0.9990253744,0.9997652087,0.5453478397,0.8674635393,0.7393354231,0.7450652892,0.9712222265,0.8987547642,0.9973583031,0.9989034668,0.9978335107,0.3875651641,0.1657100751,0.6597866628,0.9534431117,0.9534431117,0.8888352952,0.9612829029,0.9798880171,0.6835141138,0.9648636739,0.8475595527,0.9901947825,0.5969622233,0.801769772,0.9664154766,0.9802212208,0.744444467,0.9980213305,0.991016697,0.9803057718}}
C:\repos\eclipse Array2DRowRealMatrix{{0.4413501751,0.8030345768,0.4286270268,0.3289059643,0.3184715547,0.3770649614,1.0,0.6911432595,0.8743808125,0.4488303854,0.5391849586,0.8719565867,0.335815981,0.3569072738,0.9819704623,0.7878687516,0.9024136202,0.8986967844,0.586808525,0.7449770933,0.443346096,0.3332898877,0.4371816083,0.9999354355,0.975865294,0.9447682609,0.0801971177,0.0801971177,0.7595522843,0.6176892767,0.5543003253,0.9337875218,0.6071728006,0.8111126269,0.2439854175,0.9681448277,0.8558391158,0.6024172381,0.5529040063,0.899104396,0.3180837126,0.4975442306,0.5525475909}}
C:\repos\florinpatrascu Array2DRowRealMatrix{{0.9535561291,0.9857029044,0.9492048481,0.9098288415,0.9051970845,0.9299775881,0.6911432595,1.0,0.9550142332,0.9560389699,0.9813178454,0.9564774036,0.9128447881,0.9217935148,0.8153008015,0.9896109998,0.9350950904,0.9380909298,0.9907719404,0.9970037366,0.9542241208,0.9117470207,0.9521481631,0.6993111022,0.5166404033,0.8898331085,0.7758176243,0.7758176243,0.9950485155,0.9952731266,0.9846310405,0.903989597,0.9938931238,0.9833054258,0.8695053344,0.8500887135,0.9653275127,0.9932164715,0.9843368263,0.9377682793,0.9050231372,0.9707876495,0.9842613366}}
C:\repos\freebase2rdf Array2DRowRealMatrix{{0.8213312504,0.9913284881,0.8131889386,0.745831938,0.7384404725,0.7791215788,0.8743808125,0.9550142332,1.0,0.8260676849,0.8801162783,0.9999876314,0.7506923321,0.7653552014,0.9503432573,0.9877292809,0.9981290577,0.9986153298,0.9060057085,0.9750926821,0.8225987531,0.7489187225,0.8186753978,0.8798382949,0.7473143196,0.9851194858,0.5538002207,0.5538002207,0.979760709,0.9216994581,0.888543231,0.9901184659,0.9164575795,0.9930335422,0.6839120182,0.9680270185,0.9993160461,0.9140518708,0.8877727271,0.9985659582,0.7381645353,0.85595934,0.887575791}}
C:\repos\h819 Array2DRowRealMatrix{{0.9999651115,0.8929616552,0.9997472574,0.9915215031,0.9900282036,0.9968944645,0.4488303854,0.9560389699,0.8260676849,1.0,0.9945955242,0.8288604666,0.992446913,0.9949540201,0.6096625443,0.9039473563,0.7900641229,0.7952764709,0.9869621464,0.9304913407,0.9999812252,0.992114511,0.9999155856,0.4589558533,0.2428558487,0.7169139447,0.9267335521,0.9267335521,0.9221599524,0.9799979838,0.9925591867,0.7388733688,0.9825586705,0.8867196169,0.9761189496,0.6582863548,0.8463429327,0.983651561,0.9927619509,0.7947121374,0.9899704887,0.9984708274,0.9928132243}}
C:\repos\hzxie Array2DRowRealMatrix{{0.9936935499,0.9348709412,0.9920099855,0.9726714764,0.97005179,0.9833306006,0.5391849586,0.9813178454,0.8801162783,0.9945955242,1.0,0.8824666688,0.9743464723,0.9791597973,0.6886661039,0.9434623389,0.8494418114,0.8539223342,0.9983391186,0.9634952609,0.9939406337,0.9737397047,0.9931625464,0.5487201825,0.3422605936,0.7854225891,0.8827157925,0.8827157925,0.9573367912,0.9953636613,0.9998370481,0.8048423957,0.9965551105,0.9299266999,0.9482888172,0.7328851675,0.897070361,0.9970325743,0.9998659104,0.853437838,0.969952335,0.9988142126,0.9998728226}}
C:\repos\jbarrasa Array2DRowRealMatrix{{0.8241583124,0.9919697984,0.8160735381,0.7491358247,0.7417851574,0.7822297821,0.8719565867,0.9564774036,0.9999876314,0.8288604666,0.8824666688,1.0,0.7539688922,0.7685468102,0.948783688,0.988493826,0.9978126123,0.9983413334,0.9080996726,0.976183764,0.8254167013,0.7522053011,0.8215214173,0.8774635749,0.7440002382,0.9842524774,0.5579346704,0.5579346704,0.9807441758,0.9236173567,0.8908141117,0.9894087487,0.9184363561,0.9936073138,0.6875321504,0.9667674278,0.9994876057,0.9160578603,0.8900510239,0.998287342,0.741510726,0.8585203395,0.8898559785}}
C:\repos\jeeweb Array2DRowRealMatrix{{0.9934370144,0.8309970609,0.9949540042,0.9999731611,0.9998315566,0.9990253744,0.335815981,0.9128447881,0.7506923321,0.992446913,0.9743464723,0.7539688922,1.0,0.9997472538,0.5078181119,0.8446586199,0.7088940318,0.7148984129,0.9597627023,0.8785257483,0.9931800011,0.9999964073,0.9939570679,0.3464977144,0.1220192556,0.6259748107,0.9658251597,0.9658251597,0.867743081,0.9481827639,0.9701250236,0.6506288286,0.9523255779,0.8233086191,0.9953957267,0.5609685885,0.7746090848,0.9541303912,0.9705304349,0.714247614,0.9998239641,0.9841476808,0.9706334086}}
C:\repos\jeeweb-mybatis Array2DRowRealMatrix{{0.9957573993,0.8432930985,0.9969581732,0.9995557099,0.9991662298,0.9997652087,0.3569072738,0.9217935148,0.7653552014,0.9949540201,0.9791597973,0.7685468102,0.9997472538,1.0,0.5270569772,0.8564797298,0.7245715681,0.7304375927,0.9658332746,0.8890431177,0.9955501492,0.9996833985,0.9961736585,0.3674991504,0.1443021633,0.6433488295,0.9597539097,0.9597539097,0.8786974784,0.9550861339,0.9753340217,0.6675369236,0.9589436903,0.8358610296,0.9929892551,0.5794380217,0.7886316625,0.9606200767,0.9757027541,0.7298019033,0.9991494432,0.9878860976,0.9757963696}}
C:\repos\jena-examples Array2DRowRealMatrix{{0.6030200265,0.9012079758,0.5916881844,0.5014929907,0.4919215125,0.5453478397,0.9819704623,0.8153008015,0.9503432573,0.6096625443,0.6886661039,0.948783688,0.5078181119,0.5270569772,1.0,0.8900794005,0.9675929333,0.9653986173,0.7292946702,0.8576484793,0.6047938679,0.5055070868,0.5993119246,0.9840551186,0.9169908114,0.9896885004,0.2671767432,0.2671767432,0.8688146365,0.7552134971,0.7016430563,0.9845935686,0.746426798,0.907052981,0.4229080631,0.9980221182,0.9381852947,0.742439681,0.7004473782,0.965640801,0.4915652778,0.6525494904,0.7001420749}}
C:\repos\jena-grande Array2DRowRealMatrix{{0.90034363,0.9996867799,0.8941047838,0.8407140519,0.8346915069,0.8674635393,0.7878687516,0.9896109998,0.9877292809,0.9039473563,0.9434623389,0.988493826,0.8446586199,0.8564797298,0.8900794005,1.0,0.9763323472,0.9781457722,0.9609921726,0.9977670325,0.9013098902,0.843220671,0.8983146155,0.7948159001,0.6343700199,0.9461892965,0.6770443732,0.6770443732,0.9990004028,0.9709708645,0.9492924962,0.9560679332,0.9677028828,0.9992508111,0.7894602146,0.916972574,0.9928289294,0.9661802647,0.9487640191,0.9779519214,0.834466129,0.9262057082,0.9486287907}}
C:\repos\jena-sparql-api Array2DRowRealMatrix{{0.7849158518,0.9814392332,0.7760826881,0.7037075371,0.6958294807,0.7393354231,0.9024136202,0.9350950904,0.9981290577,0.7900641229,0.8494418114,0.9978126123,0.7088940318,0.7245715681,0.9675929333,0.9763323472,1.0,0.9999634499,0.8784311888,0.9597071069,0.7862928296,0.7070008508,0.7820323215,0.9072514749,0.7865434219,0.9937849695,0.5018539603,0.5018539603,0.9656886327,0.8962576116,0.8588291525,0.9968402115,0.8902779475,0.9839711102,0.6380251878,0.9815532009,0.9951854067,0.8875425694,0.8579690389,0.999970971,0.6955355916,0.8227446691,0.857749259}}
C:\repos\jprante Array2DRowRealMatrix{{0.7901846299,0.9830429827,0.7814460828,0.7097563509,0.7019445634,0.7450652892,0.8986967844,0.9380909298,0.9986153298,0.7952764709,0.8539223342,0.9983413334,0.7148984129,0.7304375927,0.9653986173,0.9781457722,0.9999634499,1.0,0.8824847578,0.9620745383,0.7915466092,0.713021526,0.7873322876,0.903622373,0.7812348828,0.9927969118,0.5092307739,0.5092307739,0.9678737383,0.9000169724,0.863177493,0.9961246423,0.89413913,0.9854598114,0.6445853345,0.9798826985,0.995986999,0.8914492352,0.8623297163,0.9999995673,0.7016531185,0.8275743903,0.8621130813}}
C:\repos\jsonld-java Array2DRowRealMatrix{{0.9855832458,0.9537693614,0.9830942318,0.9576795805,0.9544470906,0.9712222265,0.586808525,0.9907719404,0.9060057085,0.9869621464,0.9983391186,0.9080996726,0.9597627023,0.9658332746,0.7292946702,0.9609921726,0.8784311888,0.8824847578,1.0,0.9773188832,0.9859573392,0.9590065219,0.9847875539,0.5959718023,0.3958235391,0.8197768704,0.8541779733,0.8541779733,0.9723948211,0.9992516636,0.9992164317,0.837697001,0.9996777973,0.9495682815,0.9284276495,0.7708635758,0.9210379393,0.9998115477,0.9991486647,0.8820468194,0.9543249383,0.9943505546,0.9991309294}}
C:\repos\kejunxia Array2DRowRealMatrix{{0.9273989882,0.9957829615,0.9220208515,0.8750023519,0.869610294,0.8987547642,0.7449770933,0.9970037366,0.9750926821,0.9304913407,0.9634952609,0.976183764,0.8785257483,0.8890431177,0.8576484793,0.9977670325,0.9597071069,0.9620745383,0.9773188832,1.0,0.9282291904,0.8772421053,0.9256532267,0.7525093451,0.5813225897,0.9224622202,0.7246863812,0.7246863812,0.999755274,0.9847788183,0.9681712556,0.9343537984,0.9823794428,0.9944346214,0.8286933993,0.8882789833,0.982627605,0.9812458786,0.9677502374,0.9618203495,0.8694082243,0.9493187162,0.9676424105}}
C:\repos\KEN-LJQ Array2DRowRealMatrix{{0.9999975236,0.8901865884,0.9998662488,0.9922991441,0.9908728279,0.9973583031,0.443346096,0.9542241208,0.8225987531,0.9999812252,0.9939406337,0.8254167013,0.9931800011,0.9955501492,0.6047938679,0.9013098902,0.7862928296,0.7915466092,0.9859573392,0.9282291904,1.0,0.9928639043,0.9999764311,0.4535029801,0.2369069879,0.7126284513,0.9290184667,0.9290184667,0.919772371,0.9787601165,0.9917944173,0.7347303462,0.9814007503,0.8838700628,0.9774317958,0.6536612228,0.8430631671,0.982529594,0.9920073767,0.7909777543,0.990817596,0.998113332,0.992061251}}
C:\repos\ldcsaa Array2DRowRealMatrix{{0.9931268423,0.8295029459,0.9946814841,0.9999892075,0.9998771626,0.9989034668,0.3332898877,0.9117470207,0.7489187225,0.992114511,0.9737397047,0.7522053011,0.9999964073,0.9996833985,0.5055070868,0.843220671,0.7070008508,0.713021526,0.9590065219,0.8772421053,0.9928639043,1.0,0.9936592539,0.3439819747,0.1193582941,0.6238821506,0.9665164742,0.9665164742,0.8664076938,0.9473276776,0.9694712213,0.6485908902,0.9515043638,0.8217841956,0.9956490833,0.558747512,0.7729110121,0.9533244289,0.9698809923,0.7123689474,0.9998706666,0.9836687465,0.9699850783}}
C:\repos\livrospringmvc Array2DRowRealMatrix{{0.9999892342,0.8870376392,0.9999549706,0.9931261681,0.9917749651,0.9978335107,0.4371816083,0.9521481631,0.8186753978,0.9999155856,0.9931625464,0.8215214173,0.9939570679,0.9961736585,0.5993119246,0.8983146155,0.7820323215,0.7873322876,0.9847875539,0.9256532267,0.9999764311,0.9936592539,1.0,0.4473732388,0.230231193,0.7077951085,0.9315370943,0.9315370943,0.9170562488,0.9773295269,0.9908933151,0.7300556447,0.9800596173,0.8806379382,0.9788591381,0.6484499719,0.8393508448,0.9812286933,0.9911176879,0.7867583923,0.9917225177,0.9976682663,0.9911744738}}
C:\repos\neo4j-contrib Array2DRowRealMatrix{{0.4515183747,0.8097544942,0.4388658932,0.3396158143,0.3292226424,0.3875651641,0.9999354355,0.6993111022,0.8798382949,0.4589558533,0.5487201825,0.8774635749,0.3464977144,0.3674991504,0.9840551186,0.7948159001,0.9072514749,0.903622373,0.5959718023,0.7525093451,0.4535029801,0.3439819747,0.4473732388,1.0,0.9733208435,0.9484314636,0.0915186487,0.0915186487,0.7668944665,0.6265857556,0.5637224101,0.9377933425,0.6161625417,0.817706544,0.2549895628,0.970927589,0.8616614413,0.6114483253,0.5623367289,0.9040204559,0.328836305,0.5073690805,0.5619830227}}
C:\repos\niclashoyer Array2DRowRealMatrix{{0.2347442616,0.6535178,0.220985935,0.1147442567,0.1037821423,0.1657100751,0.975865294,0.5166404033,0.7473143196,0.2428558487,0.3422605936,0.7440002382,0.1220192556,0.1443021633,0.9169908114,0.6343700199,0.7865434219,0.7812348828,0.3958235391,0.5813225897,0.2369069879,0.1193582941,0.230231193,0.9733208435,1.0,0.8503970602,-0.139408409,-0.139408409,0.5991805742,0.4310478517,0.3591666407,0.833110733,0.4190059767,0.6638122638,0.0263230162,0.8901002371,0.7222317869,0.4135765247,0.3576013225,0.7818152703,0.1033752256,0.2961106562,0.3572018876}}
C:\repos\nkons Array2DRowRealMatrix{{0.7110654096,0.953991955,0.7010594551,0.6202445123,0.6115563569,0.6597866628,0.9447682609,0.8898331085,0.9851194858,0.7169139447,0.7854225891,0.9842524774,0.6259748107,0.6433488295,0.9896885004,0.9461892965,0.9937849695,0.9927969118,0.8197768704,0.9224622202,0.7126284513,0.6238821506,0.7077951085,0.9484314636,0.8503970602,1.0,0.4024511753,0.4024511753,0.9307775756,0.8413145633,0.7964681122,0.999487042,0.8340492057,0.9580048004,0.5483441658,0.9967353926,0.9780901113,0.8307399434,0.7954531288,0.9929079404,0.6112326119,0.7543575667,0.7951938737}}
C:\repos\nutzam Array2DRowRealMatrix{{0.9298396732,0.6584140104,0.9349460879,0.9676982181,0.9704196509,0.9534431117,0.0801971177,0.7758176243,0.5538002207,0.9267335521,0.8827157925,0.5579346704,0.9658251597,0.9597539097,0.2671767432,0.6770443732,0.5018539603,0.5092307739,0.8541779733,0.7246863812,0.9290184667,0.9665164742,0.9315370943,0.0915186487,-0.139408409,0.4024511753,1.0,1.0,0.7092650846,0.8334261037,0.8740891523,0.4315624936,0.8407040327,0.6480549733,0.9862221931,0.3272268014,0.5842119231,0.8439225554,0.8749024034,0.5084299125,0.9705183405,0.9045462221,0.87510945}}
C:\repos\ontopia Array2DRowRealMatrix{{0.9298396732,0.6584140104,0.9349460879,0.9676982181,0.9704196509,0.9534431117,0.0801971177,0.7758176243,0.5538002207,0.9267335521,0.8827157925,0.5579346704,0.9658251597,0.9597539097,0.2671767432,0.6770443732,0.5018539603,0.5092307739,0.8541779733,0.7246863812,0.9290184667,0.9665164742,0.9315370943,0.0915186487,-0.139408409,0.4024511753,1.0,1.0,0.7092650846,0.8334261037,0.8740891523,0.4315624936,0.8407040327,0.6480549733,0.9862221931,0.3272268014,0.5842119231,0.8439225554,0.8749024034,0.5084299125,0.9705183405,0.9045462221,0.87510945}}
C:\repos\pyvandenbussche Array2DRowRealMatrix{{0.9188966929,0.997568767,0.9132308116,0.8640784411,0.8584748856,0.8888352952,0.7595522843,0.9950485155,0.979760709,0.9221599524,0.9573367912,0.9807441758,0.867743081,0.8786974784,0.8688146365,0.9990004028,0.9656886327,0.9678737383,0.9723948211,0.999755274,0.919772371,0.8664076938,0.9170562488,0.7668944665,0.5991805742,0.9307775756,0.7092650846,0.7092650846,1.0,0.9806927074,0.9623973802,0.9420083147,0.9780044459,0.9965219541,0.8161087329,0.8982224248,0.9864927522,0.9767414587,0.9619405612,0.9676394088,0.8582649958,0.9421330487,0.9618236051}}
C:\repos\rdfhdt Array2DRowRealMatrix{{0.9783014466,0.964680375,0.9752762957,0.9458295101,0.9421916105,0.9612829029,0.6176892767,0.9952731266,0.9216994581,0.9799979838,0.9953636613,0.9236173567,0.9481827639,0.9550861339,0.7552134971,0.9709708645,0.8962576116,0.9000169724,0.9992516636,0.9847788183,0.9787601165,0.9473276776,0.9773295269,0.6265857556,0.4310478517,0.8413145633,0.8334261037,0.8334261037,0.9806927074,1.0,0.9969377685,0.8581944255,0.9999115105,0.9609860787,0.9133628824,0.7949256377,0.9354133548,0.9998142442,0.9968052514,0.8996111087,0.9420544469,0.9895007589,0.996771001}}
C:\repos\RDFUnit Array2DRowRealMatrix{{0.9915074474,0.9411268674,0.9895708972,0.9683215445,0.9655089026,0.9798880171,0.5543003253,0.9846310405,0.888543231,0.9925591867,0.9998370481,0.8908141117,0.9701250236,0.9753340217,0.7016430563,0.9492924962,0.8588291525,0.863177493,0.9992164317,0.9681712556,0.9917944173,0.9694712213,0.9908933151,0.5637224101,0.3591666407,0.7964681122,0.8740891523,0.8740891523,0.9623973802,0.9969377685,1.0,0.8154249445,0.9978898356,0.9364137248,0.9424044057,0.7450475127,0.9049011712,0.9982597691,0.9999985943,0.8627074123,0.9654022999,0.9977725999,0.9999977858}}
C:\repos\SPARQL2NL Array2DRowRealMatrix{{0.733218842,0.963104968,0.7235375404,0.6450476757,0.6365815072,0.6835141138,0.9337875218,0.903989597,0.9901184659,0.7388733688,0.8048423957,0.9894087487,0.6506288286,0.6675369236,0.9845935686,0.9560679332,0.9968402115,0.9961246423,0.837697001,0.9343537984,0.7347303462,0.6485908902,0.7300556447,0.9377933425,0.833110733,0.999487042,0.4315624936,0.4315624936,0.9420083147,0.8581944255,0.8154249445,1.0,0.8512896974,0.966696856,0.5748445646,0.9936384224,0.9842555896,0.8481413218,0.8144532229,0.9962060335,0.6362659389,0.7749943999,0.8142049942}}
C:\repos\Sparqlify Array2DRowRealMatrix{{0.9809710913,0.9610906782,0.9781298227,0.950064833,0.9465657513,0.9648636739,0.6071728006,0.9938931238,0.9164575795,0.9825586705,0.9965551105,0.9184363561,0.9523255779,0.9589436903,0.746426798,0.9677028828,0.8902779475,0.89413913,0.9996777973,0.9823794428,0.9814007503,0.9515043638,0.9800596173,0.6161625417,0.4190059767,0.8340492057,0.8407040327,0.8407040327,0.9780044459,0.9999115105,0.9978898356,0.8512896974,1.0,0.9572214603,0.9186983505,0.7867842413,0.930627206,0.9999821707,0.9977795656,0.8937221663,0.9464337273,0.9913358578,0.9977509895}}
C:\repos\spring-petclinic Array2DRowRealMatrix{{0.8828269379,0.9999064048,0.8761021004,0.8191280626,0.8127524866,0.8475595527,0.8111126269,0.9833054258,0.9930335422,0.8867196169,0.9299266999,0.9936073138,0.8233086191,0.8358610296,0.907052981,0.9992508111,0.9839711102,0.9854598114,0.9495682815,0.9944346214,0.8838700628,0.8217841956,0.8806379382,0.817706544,0.6638122638,0.9580048004,0.6480549733,0.6480549733,0.9965219541,0.9609860787,0.9364137248,0.966696856,0.9572214603,1.0,0.7651136295,0.9317256148,0.9967116529,0.9554765158,0.9358240604,0.9853013195,0.8125140632,0.9109205711,0.9356732304}}
C:\repos\spring-projects Array2DRowRealMatrix{{0.9778995137,0.7738514293,0.9807560673,0.9960712582,0.9969872733,0.9901947825,0.2439854175,0.8695053344,0.6839120182,0.9761189496,0.9482888172,0.6875321504,0.9953957267,0.9929892551,0.4229080631,0.7894602146,0.6380251878,0.6445853345,0.9284276495,0.8286933993,0.9774317958,0.9956490833,0.9788591381,0.2549895628,0.0263230162,0.5483441658,0.9862221931,0.9862221931,0.8161087329,0.9133628824,0.9424044057,0.5748445646,0.9186983505,0.7651136295,1.0,0.4790370121,0.7104227559,0.9210404557,0.942963894,0.6438738138,0.9970189231,0.9626171964,0.9431061813}}
C:\repos\sps Array2DRowRealMatrix{{0.6519753783,0.9266698189,0.6411965737,0.5548884097,0.5456802204,0.5969622233,0.9681448277,0.8500887135,0.9680270185,0.6582863548,0.7328851675,0.9667674278,0.5609685885,0.5794380217,0.9980221182,0.916972574,0.9815532009,0.9798826985,0.7708635758,0.8882789833,0.6536612228,0.558747512,0.6484499719,0.970927589,0.8901002371,0.9967353926,0.3272268014,0.3272268014,0.8982224248,0.7949256377,0.7450475127,0.9936384224,0.7867842413,0.9317256148,0.4790370121,1.0,0.958088922,0.7830844642,0.7439280919,0.9800679378,0.5453373373,0.6988935895,0.7436422205}}
C:\repos\streamreasoning Array2DRowRealMatrix{{0.8418641761,0.9955097572,0.8341544743,0.7699547405,0.7628709846,0.801769772,0.8558391158,0.9653275127,0.9993160461,0.8463429327,0.897070361,0.9994876057,0.7746090848,0.7886316625,0.9381852947,0.9928289294,0.9951854067,0.995986999,0.9210379393,0.982627605,0.8430631671,0.7729110121,0.8393508448,0.8616614413,0.7222317869,0.9780901113,0.5842119231,0.5842119231,0.9864927522,0.9354133548,0.9049011712,0.9842555896,0.930627206,0.9967116529,0.7104227559,0.958088922,1.0,0.9284252491,0.9041862621,0.9959033083,0.7626064058,0.8744935966,0.9040034995}}
C:\repos\vraptor Array2DRowRealMatrix{{0.9821129821,0.9594240296,0.9793544177,0.9519113016,0.9484747336,0.9664154766,0.6024172381,0.9932164715,0.9140518708,0.983651561,0.9970325743,0.9160578603,0.9541303912,0.9606200767,0.742439681,0.9661802647,0.8875425694,0.8914492352,0.9998115477,0.9812458786,0.982529594,0.9533244289,0.9812286933,0.6114483253,0.4135765247,0.8307399434,0.8439225554,0.8439225554,0.9767414587,0.9998142442,0.9982597691,0.8481413218,0.9999821707,0.9554765158,0.9210404557,0.7830844642,0.9284252491,1.0,0.9981594917,0.891027313,0.9483450243,0.9921025424,0.9981334643}}
C:\repos\vraptor4 Array2DRowRealMatrix{{0.9917241075,0.9405587323,0.9898110283,0.9687388648,0.9659441061,0.9802212208,0.5529040063,0.9843368263,0.8877727271,0.9927619509,0.9998659104,0.8900510239,0.9705304349,0.9757027541,0.7004473782,0.9487640191,0.8579690389,0.8623297163,0.9991486647,0.9677502374,0.9920073767,0.9698809923,0.9911176879,0.5623367289,0.3576013225,0.7954531288,0.8749024034,0.8749024034,0.9619405612,0.9968052514,0.9999985943,0.8144532229,0.9977795656,0.9358240604,0.942963894,0.7439280919,0.9041862621,0.9981594917,1.0,0.8618582902,0.9658381658,0.9978830448,0.9999999085}}
C:\repos\wikimedia Array2DRowRealMatrix{{0.7896141382,0.9828719639,0.780865265,0.709100699,0.7012816731,0.744444467,0.899104396,0.9377682793,0.9985659582,0.7947121374,0.853437838,0.998287342,0.714247614,0.7298019033,0.965640801,0.9779519214,0.999970971,0.9999995673,0.8820468194,0.9618203495,0.7909777543,0.7123689474,0.7867583923,0.9040204559,0.7818152703,0.9929079404,0.5084299125,0.5084299125,0.9676394088,0.8996111087,0.8627074123,0.9962060335,0.8937221663,0.9853013195,0.6438738138,0.9800679378,0.9959033083,0.891027313,0.8618582902,1.0,0.7009899613,0.8270518047,0.8616413122}}
C:\repos\Yaccc Array2DRowRealMatrix{{0.9911160411,0.8204134927,0.9928963505,0.9999345946,0.9999999163,0.9980213305,0.3180837126,0.9050231372,0.7381645353,0.9899704887,0.969952335,0.741510726,0.9998239641,0.9991494432,0.4915652778,0.834466129,0.6955355916,0.7016531185,0.9543249383,0.8694082243,0.990817596,0.9998706666,0.9917225177,0.328836305,0.1033752256,0.6112326119,0.9705183405,0.9705183405,0.8582649958,0.9420544469,0.9654022999,0.6362659389,0.9464337273,0.8125140632,0.9970189231,0.5453373373,0.7626064058,0.9483450243,0.9658381658,0.7009899613,1.0,0.9806468447,0.9659489099}}
C:\repos\ykameshrao Array2DRowRealMatrix{{0.9979742183,0.9164800235,0.9969756635,0.9828219113,0.9807268617,0.991016697,0.4975442306,0.9707876495,0.85595934,0.9984708274,0.9988142126,0.8585203395,0.9841476808,0.9878860976,0.6525494904,0.9262057082,0.8227446691,0.8275743903,0.9943505546,0.9493187162,0.998113332,0.9836687465,0.9976682663,0.5073690805,0.2961106562,0.7543575667,0.9045462221,0.9045462221,0.9421330487,0.9895007589,0.9977725999,0.7749943999,0.9913358578,0.9109205711,0.9626171964,0.6988935895,0.8744935966,0.9921025424,0.9978830448,0.8270518047,0.9806468447,1.0,0.9979107675}}
C:\repos\zserge Array2DRowRealMatrix{{0.9917789258,0.9404133918,0.9898718344,0.968844877,0.9660546811,0.9803057718,0.5525475909,0.9842613366,0.887575791,0.9928132243,0.9998728226,0.8898559785,0.9706334086,0.9757963696,0.7001420749,0.9486287907,0.857749259,0.8621130813,0.9991309294,0.9676424105,0.992061251,0.9699850783,0.9911744738,0.5619830227,0.3572018876,0.7951938737,0.87510945,0.87510945,0.9618236051,0.996771001,0.9999977858,0.8142049942,0.9977509895,0.9356732304,0.9431061813,0.7436422205,0.9040034995,0.9981334643,0.9999999085,0.8616413122,0.9659489099,0.9979107675,1.0}}


Numero di Termini: 28855
Numero di Termini dopo pulizia: 8159
3 min, 15 sec
no field and local variables

C:\repos\allwefantasy Array2DRowRealMatrix{{1.0,0.5370783249,0.9990483744,0.9992783336,0.9981704275,0.9813567336,0.2656909943,0.8668227426,0.9879604993,0.9954301647,0.8397166651,0.8671655196,0.9882486529,0.9894122102,0.9309571926,0.9167491829,0.5625231638,0.8795323284,0.7901092713,0.8616742501,0.9664388286,0.9996603144,0.9975624364,0.8328131908,-0.0274168406,0.8894690681,0.9843087635,0.9843087635,0.8959771226,0.9628020754,0.9992450314,0.3753731607,0.9938180028,0.9823067387,0.9999182984,0.3888805619,0.9366815554,0.9418523067,0.9639376731,0.9376979855,0.9753224296,0.9986351274,0.9971183235}}
C:\repos\AskNowQA Array2DRowRealMatrix{{0.5370783249,1.0,0.5733586406,0.5046496918,0.4850930407,0.6891882313,0.9559112163,0.8861507999,0.6611119775,0.4540730842,0.9090526122,0.8858318345,0.4018289302,0.4089677855,0.8079945076,0.829326351,0.9995359845,0.8737634676,0.9414072469,0.8908470287,0.3023525379,0.5149112932,0.5946304708,0.9142267561,0.8284902931,0.8632049564,0.3798056567,0.3798056567,0.8558227977,0.7450290111,0.5694445661,0.9834528259,0.6274083528,0.3695996509,0.5262518553,0.9859957292,0.7984614938,0.7892982235,0.7421976947,0.7967037843,0.7100641043,0.5804022461,0.4715385525}}
C:\repos\b3log Array2DRowRealMatrix{{0.9990483744,0.5733586406,1.0,0.996670673,0.9945833872,0.9888056098,0.3074864117,0.8877454495,0.9937679851,0.9903179047,0.8626020773,0.8880618887,0.980641311,0.982140572,0.9459966665,0.9332997276,0.5980486623,0.8994494891,0.8160924399,0.8829876559,0.9543143566,0.9975722713,0.9996566274,0.8561644196,0.0162087416,0.9085548856,0.9756758422,0.9756758422,0.9144943126,0.9736711939,0.9999886266,0.4154423681,0.9977145621,0.9732036051,0.9984092234,0.4286932946,0.9510636983,0.9556121374,0.9746277783,0.95196005,0.9840240355,0.9999628206,0.99286065}}
C:\repos\benas Array2DRowRealMatrix{{0.9992783336,0.5046496918,0.996670673,1.0,0.9997467374,0.9733481121,0.2288801138,0.8472575577,0.9813710993,0.9983390122,0.818484218,0.8476227404,0.9933415609,0.9942109552,0.9164161839,0.9009142356,0.5307124385,0.860823152,0.766255951,0.8417767942,0.9754994458,0.9999288621,0.9941919973,0.8111857749,-0.065367141,0.8714684888,0.9903009404,0.9903009404,0.8784616616,0.9518435882,0.9970481954,0.3398955548,0.9888837159,0.9887115196,0.9996822323,0.3536053733,0.9227041303,0.9284088264,0.953133325,0.9238235589,0.9662321819,0.9959305555,0.9992803081}}
C:\repos\biezhi Array2DRowRealMatrix{{0.9981704275,0.4850930407,0.9945833872,0.9997467374,1.0,0.9679405402,0.2069148543,0.8350888871,0.9767989147,0.9993827249,0.8053473303,0.8354670959,0.9956826716,0.9963771905,0.9071771138,0.8909190969,0.5115041365,0.849152407,0.7516018269,0.8294149937,0.9802034623,0.9994071876,0.9915182294,0.7978198481,-0.087807143,0.8602103204,0.9931769132,0.9931769132,0.8674861511,0.9447029432,0.9950678104,0.3186446411,0.9852870254,0.9918330311,0.998861756,0.3324650523,0.913794687,0.9198118466,0.9460831251,0.9149743772,0.9601886211,0.9936501119,0.9998808843}}
C:\repos\devinhu Array2DRowRealMatrix{{0.9813567336,0.6891882313,0.9888056098,0.9733481121,0.9679405402,1.0,0.4460249292,0.9464939742,0.9992754911,0.9585189338,0.9284283144,0.9467157399,0.9404465181,0.9430725538,0.9837769924,0.9764328795,0.7109392632,0.9545889294,0.8931881268,0.943141507,0.8990469333,0.9760142886,0.9923759024,0.9236772337,0.1652171633,0.9607187379,0.9320443037,0.9320443037,0.9646270723,0.9967848859,0.9880827308,0.5465155883,0.9966277821,0.9279991996,0.97881979,0.5586976436,0.986522084,0.9888758755,0.9971152453,0.9869946967,0.9995730936,0.9900554908,0.9639484677}}
C:\repos\eclipse Array2DRowRealMatrix{{0.2656909943,0.9559112163,0.3074864117,0.2288801138,0.2069148543,0.4460249292,1.0,0.7110022647,0.4116381303,0.172416652,0.7466126803,0.7105183951,0.1152078053,0.122961612,0.5993519292,0.6286778982,0.9465228829,0.6924204601,0.8008598602,0.7181618273,0.0091105693,0.2404749391,0.3323149045,0.7549293991,0.9564114339,0.6768940836,0.0914093746,0.0914093746,0.6661915198,0.5163037343,0.3029446236,0.9932935688,0.3710797023,0.0804420685,0.253346056,0.991497526,0.5864640149,0.5741914006,0.5126725413,0.5841013137,0.4719842954,0.315680286,0.1917899344}}
C:\repos\florinpatrascu Array2DRowRealMatrix{{0.8668227426,0.8861507999,0.8877454495,0.8472575577,0.8350888871,0.9464939742,0.7110022647,1.0,0.9335257511,0.8152474565,0.9986465786,0.9999997634,0.7804204782,0.7852794967,0.9890338528,0.9938380058,0.8998547146,0.9996598309,0.9905196062,0.9999476261,0.7096381696,0.8535330865,0.8995030356,0.9979125984,0.4746634416,0.9988774165,0.7652380159,0.7652380159,0.9980890025,0.9693086966,0.8855398536,0.7875364736,0.9168211982,0.758105374,0.8603782766,0.7964599274,0.9865435337,0.9839676439,0.9682589346,0.9860629213,0.9555188498,0.8916819432,0.8264987815}}
C:\repos\freebase2rdf Array2DRowRealMatrix{{0.9879604993,0.6611119775,0.9937679851,0.9813710993,0.9767989147,0.9992754911,0.4116381303,0.9335257511,1.0,0.968672412,0.9136162739,0.9337721379,0.9527030207,0.9550472441,0.9762366023,0.9675114873,0.6836590101,0.9425585298,0.8754264798,0.9298076817,0.9150598163,0.9835928636,0.9963476214,0.9084248716,0.1275614291,0.9494603875,0.9451595179,0.9451595179,0.9538951236,0.9930132529,0.9932250505,0.5142471049,0.9990286629,0.9415069877,0.9859022225,0.5267277569,0.9795798039,0.9824984029,0.9935040484,0.9801615074,0.9977369237,0.9946922371,0.9733771782}}
C:\repos\h819 Array2DRowRealMatrix{{0.9954301647,0.4540730842,0.9903179047,0.9983390122,0.9993827249,0.9585189338,0.172416652,0.8152474565,0.968672412,1.0,0.78402459,0.8156456165,0.9983289852,0.9987498133,0.8918359116,0.8744141037,0.4810012225,0.8300740176,0.7279650422,0.8092778248,0.9865540437,0.9975808041,0.986340328,0.7761471909,-0.1227479942,0.8417647825,0.9966607061,0.9966607061,0.8494744863,0.9325994694,0.9909687138,0.2851484211,0.9786747137,0.9957014808,0.9965694829,0.299127477,0.8989613446,0.9054601796,0.9341194421,0.900233911,0.9497820596,0.9890840472,0.9998059007}}
C:\repos\hzxie Array2DRowRealMatrix{{0.8397166651,0.9090526122,0.8626020773,0.818484218,0.8053473303,0.9284283144,0.7466126803,0.9986465786,0.9136162739,0.78402459,1.0,0.9986105665,0.7468448995,0.7520153093,0.9800140099,0.9867280463,0.921322939,0.9969504004,0.9963236655,0.9991265694,0.6720334332,0.8252788217,0.875561827,0.9999207374,0.5197982821,0.9950618195,0.7307212008,0.7307212008,0.9935243441,0.9552103897,0.8601795311,0.8185225342,0.8948129752,0.7231621305,0.8327067565,0.8268318082,0.9767047978,0.9733601398,0.9539486805,0.9760753586,0.938886401,0.8669322728,0.7961019054}}
C:\repos\jbarrasa Array2DRowRealMatrix{{0.8671655196,0.8858318345,0.8880618887,0.8476227404,0.8354670959,0.9467157399,0.7105183951,0.9999997634,0.9337721379,0.8156456165,0.9986105665,1.0,0.7808503863,0.7857051982,0.9891352093,0.9939140155,0.899554461,0.9996775347,0.9904248785,0.9999403495,0.71012265,0.8538912902,0.8998033622,0.9978679405,0.4740578907,0.9989097644,0.7656806478,0.7656806478,0.9981312716,0.9694775774,0.8858592022,0.7871123765,0.9170956455,0.7585537752,0.8607286488,0.7960437914,0.9866557658,0.9840900903,0.9684306375,0.9861771305,0.9557214966,0.8919931041,0.8268858131}}
C:\repos\jeeweb Array2DRowRealMatrix{{0.9882486529,0.4018289302,0.980641311,0.9933415609,0.9956826716,0.9404465181,0.1152078053,0.7804204782,0.9527030207,0.9983289852,0.7468448995,0.7808503863,1.0,0.9999695068,0.8642055598,0.8449162475,0.4295352069,0.796462327,0.6871296046,0.7739804269,0.9943497953,0.9918967438,0.9751735928,0.7384130878,-0.1798920289,0.8091626559,0.999713762,0.999713762,0.8175653211,0.9101853117,0.981564058,0.2292848846,0.965169127,0.9993898308,0.9901218032,0.2434873405,0.8721472238,0.8794209024,0.9119311416,0.8735691425,0.9301129737,0.978916344,0.9969967193}}
C:\repos\jeeweb-mybatis Array2DRowRealMatrix{{0.9894122102,0.4089677855,0.982140572,0.9942109552,0.9963771905,0.9430725538,0.122961612,0.7852794967,0.9550472441,0.9987498133,0.7520153093,0.7857051982,0.9999695068,1.0,0.8681083794,0.8490676771,0.4365743151,0.8011602428,0.6927823942,0.7789017607,0.9934904909,0.9928586455,0.9768731661,0.7436567748,-0.1722046231,0.8137266182,0.9994964415,0.9994964415,0.8220372767,0.9133921871,0.983026749,0.2368791664,0.9671828226,0.9990865923,0.9911865549,0.2510542059,0.8759412878,0.8831116735,0.9151078352,0.8773433005,0.9329527677,0.9804816375,0.997571101}}
C:\repos\jena-examples Array2DRowRealMatrix{{0.9309571926,0.8079945076,0.9459966665,0.9164161839,0.9071771138,0.9837769924,0.5993519292,0.9890338528,0.9762366023,0.8918359116,0.9800140099,0.9891352093,0.8642055598,0.8681083794,1.0,0.9993096212,0.8255663522,0.9925493016,0.9593691745,0.987470529,0.8059128586,0.9211247889,0.954166416,0.9774317361,0.3394671801,0.9949195914,0.8519207145,0.8519207145,0.9962699194,0.9949879811,0.9444397954,0.687884227,0.9657391203,0.8461046069,0.9262138197,0.6984195807,0.9998719242,0.999517208,0.9945556195,0.999821044,0.9885984092,0.9487568913,0.9005750945}}
C:\repos\jena-grande Array2DRowRealMatrix{{0.9167491829,0.829326351,0.9332997276,0.9009142356,0.8909190969,0.9764328795,0.6286778982,0.9938380058,0.9675114873,0.8744141037,0.9867280463,0.9939140155,0.8449162475,0.8490676771,0.9993096212,1.0,0.8459615351,0.9963908194,0.9691894631,0.992651538,0.7833611413,0.9060267491,0.9423889179,0.9846053821,0.3741787802,0.9979729281,0.8318770798,0.8318770798,0.9987880344,0.9905860503,0.9315764456,0.7143751031,0.9554308648,0.8257177604,0.9115680785,0.7245267623,0.9985870428,0.9976728422,0.9899974833,0.9984279554,0.9823216757,0.9363615593,0.883803307}}
C:\repos\jena-sparql-api Array2DRowRealMatrix{{0.5625231638,0.9995359845,0.5980486623,0.5307124385,0.5115041365,0.7109392632,0.9465228829,0.8998547146,0.6836590101,0.4810012225,0.921322939,0.899554461,0.4295352069,0.4365743151,0.8255663522,0.8459615351,1.0,0.8881723146,0.9512437463,0.904271773,0.3312466596,0.5407840586,0.6188444194,0.9261450495,0.8110481198,0.8781822911,0.4078070012,0.4078070012,0.8711817339,0.7650011465,0.5942194147,0.9774782092,0.6508361867,0.3977313727,0.5519087358,0.9804583696,0.8164293524,0.8076347627,0.7622670609,0.8147432509,0.7311826839,0.6049374736,0.4981808215}}
C:\repos\jprante Array2DRowRealMatrix{{0.8795323284,0.8737634676,0.8994494891,0.860823152,0.849152407,0.9545889294,0.6924204601,0.9996598309,0.9425585298,0.8300740176,0.9969504004,0.9996775347,0.796462327,0.8011602428,0.9925493016,0.9963908194,0.8881723146,1.0,0.9865998675,0.9993405478,0.7277726189,0.8668319888,0.9105922525,0.9958888499,0.4515462646,0.999773087,0.7817673309,0.7817673309,0.9993611046,0.9753909166,0.8973549335,0.7711956451,0.9269234449,0.7748557953,0.8733779783,0.7804179971,0.9904721664,0.9882844117,0.9744485083,0.9900666751,0.9628859042,0.9031845443,0.8408996735}}
C:\repos\jsonld-java Array2DRowRealMatrix{{0.7901092713,0.9414072469,0.8160924399,0.766255951,0.7516018269,0.8931881268,0.8008598602,0.9905196062,0.8754264798,0.7279650422,0.9963236655,0.9904248785,0.6871296046,0.6927823942,0.9593691745,0.9691894631,0.9512437463,0.9865998675,1.0,0.9918736577,0.6061232406,0.773865433,0.8309558217,0.9973233022,0.5910732967,0.9829003953,0.6695507505,0.6695507505,0.9801381683,0.9263469416,0.8133268463,0.8647279401,0.8532772355,0.6613339211,0.7822093806,0.8719764839,0.9547306492,0.9501394518,0.9247435705,0.9538597843,0.9059451937,0.8210455565,0.7413315798}}
C:\repos\kejunxia Array2DRowRealMatrix{{0.8616742501,0.8908470287,0.8829876559,0.8417767942,0.8294149937,0.943141507,0.7181618273,0.9999476261,0.9298076817,0.8092778248,0.9991265694,0.9999403495,0.7739804269,0.7789017607,0.987470529,0.992651538,0.904271773,0.9993405478,0.9918736577,1.0,0.7023901138,0.8481558095,0.8949843202,0.998521268,0.4836466615,0.9983402938,0.7586094991,0.7586094991,0.9974043104,0.9667418091,0.8807388965,0.7938024273,0.9126865623,0.7513914183,0.8551171371,0.8026069316,0.9848185349,0.9820908152,0.9656501153,0.9843085334,0.9524503417,0.8870024648,0.820694096}}
C:\repos\KEN-LJQ Array2DRowRealMatrix{{0.9664388286,0.3023525379,0.9543143566,0.9754994458,0.9802034623,0.8990469333,0.0091105693,0.7096381696,0.9150598163,0.9865540437,0.6720334332,0.71012265,0.9943497953,0.9934904909,0.8059128586,0.7833611413,0.3312466596,0.7277726189,0.6061232406,0.7023901138,1.0,0.9728059269,0.9461569265,0.66265669,-0.2832969768,0.7422167716,0.9966048624,0.9966048624,0.7518191368,0.8610738212,0.9557286072,0.1246642469,0.9319432286,0.9974507911,0.9696436947,0.1391532452,0.8152846884,0.8239183294,0.8632193271,0.8169685685,0.8858704131,0.9517022631,0.9831425833}}
C:\repos\ldcsaa Array2DRowRealMatrix{{0.9996603144,0.5149112932,0.9975722713,0.9999288621,0.9994071876,0.9760142886,0.2404749391,0.8535330865,0.9835928636,0.9975808041,0.8252788217,0.8538912902,0.9918967438,0.9928586455,0.9211247889,0.9060267491,0.5407840586,0.8668319888,0.773865433,0.8481558095,0.9728059269,1.0,0.9954049468,0.8181032708,-0.0534602674,0.8772564692,0.9885732649,0.9885732649,0.8840983939,0.955432729,0.9978930577,0.3510889697,0.9905869147,0.9868540324,0.9999117892,0.3647373574,0.9272367382,0.9327746535,0.956674264,0.9283239975,0.969236901,0.9969346817,0.9987567739}}
C:\repos\livrospringmvc Array2DRowRealMatrix{{0.9975624364,0.5946304708,0.9996566274,0.9941919973,0.9915182294,0.9923759024,0.3323149045,0.8995030356,0.9963476214,0.986340328,0.875561827,0.8998033622,0.9751735928,0.9768731661,0.954166416,0.9423889179,0.6188444194,0.9105922525,0.8309558217,0.8949843202,0.9461569265,0.9954049468,1.0,0.8694099139,0.0424033072,0.919189862,0.9695965197,0.9695965197,0.9247822335,0.9793101506,0.9995202838,0.4391349981,0.9991425396,0.9668440507,0.9965889656,0.4522197139,0.9588338994,0.9630043033,0.980158312,0.9596572902,0.9883513193,0.9998454161,0.9893941653}}
C:\repos\neo4j-contrib Array2DRowRealMatrix{{0.8328131908,0.9142267561,0.8561644196,0.8111857749,0.7978198481,0.9236772337,0.7549293991,0.9979125984,0.9084248716,0.7761471909,0.9999207374,0.9978679405,0.7384130878,0.7436567748,0.9774317361,0.9846053821,0.9261450495,0.9958888499,0.9973233022,0.998521268,0.66265669,0.8181032708,0.8694099139,1.0,0.5305129487,0.9937332584,0.7220680968,0.7220680968,0.992015077,0.9514088219,0.8536903401,0.8256905365,0.8891211629,0.7144088731,0.825669253,0.8338477499,0.9739256341,0.970396235,0.9500963182,0.9732604233,0.9344780143,0.8605881598,0.7884195464}}
C:\repos\niclashoyer Array2DRowRealMatrix{{-0.0274168406,0.8284902931,0.0162087416,-0.065367141,-0.087807143,0.1652171633,0.9564114339,0.4746634416,0.1275614291,-0.1227479942,0.5197982821,0.4740578907,-0.1798920289,-0.1722046231,0.3394671801,0.3741787802,0.8110481198,0.4515462646,0.5910732967,0.4836466615,-0.2832969768,-0.0534602674,0.0424033072,0.5305129487,1.0,0.4324371577,-0.2033749961,-0.2033749961,0.4193684045,0.2437090653,0.0114398295,0.9162338032,0.0837324333,-0.2141404732,-0.0401924577,0.9102799791,0.3243698427,0.310078199,0.2395999275,0.3216120906,0.1939620663,0.0248300793,-0.103171356}}
C:\repos\nkons Array2DRowRealMatrix{{0.8894690681,0.8632049564,0.9085548856,0.8714684888,0.8602103204,0.9607187379,0.6768940836,0.9988774165,0.9494603875,0.8417647825,0.9950618195,0.9989097644,0.8091626559,0.8137266182,0.9949195914,0.9979729281,0.8781822911,0.999773087,0.9829003953,0.9983402938,0.7422167716,0.8772564692,0.919189862,0.9937332584,0.4324371577,1.0,0.7948732201,0.7948732201,0.9998956799,0.9798663035,0.9065520804,0.7574598469,0.9347066933,0.788145764,0.8835547795,0.7669216719,0.9931809767,0.9913113395,0.9790120531,0.992837046,0.9684170045,0.9121235286,0.8522373045}}
C:\repos\nutzam Array2DRowRealMatrix{{0.9843087635,0.3798056567,0.9756758422,0.9903009404,0.9931769132,0.9320443037,0.0914093746,0.7652380159,0.9451595179,0.9966607061,0.7307212008,0.7656806478,0.999713762,0.9994964415,0.8519207145,0.8318770798,0.4078070012,0.7817673309,0.6695507505,0.7586094991,0.9966048624,0.9885732649,0.9695965197,0.7220680968,-0.2033749961,0.7948732201,1.0,1.0,0.8035545685,0.9000151163,0.976710275,0.2059318664,0.9586335019,0.9999394117,0.9864839047,0.2202129239,0.8601925488,0.867779916,0.9018527485,0.861674912,0.921059809,0.973749232,0.9948585168}}
C:\repos\ontopia Array2DRowRealMatrix{{0.9843087635,0.3798056567,0.9756758422,0.9903009404,0.9931769132,0.9320443037,0.0914093746,0.7652380159,0.9451595179,0.9966607061,0.7307212008,0.7656806478,0.999713762,0.9994964415,0.8519207145,0.8318770798,0.4078070012,0.7817673309,0.6695507505,0.7586094991,0.9966048624,0.9885732649,0.9695965197,0.7220680968,-0.2033749961,0.7948732201,1.0,1.0,0.8035545685,0.9000151163,0.976710275,0.2059318664,0.9586335019,0.9999394117,0.9864839047,0.2202129239,0.8601925488,0.867779916,0.9018527485,0.861674912,0.921059809,0.973749232,0.9948585168}}
C:\repos\pyvandenbussche Array2DRowRealMatrix{{0.8959771226,0.8558227977,0.9144943126,0.8784616616,0.8674861511,0.9646270723,0.6661915198,0.9980890025,0.9538951236,0.8494744863,0.9935243441,0.9981312716,0.8175653211,0.8220372767,0.9962699194,0.9987880344,0.8711817339,0.9993611046,0.9801381683,0.9974043104,0.7518191368,0.8840983939,0.9247822335,0.992015077,0.4193684045,0.9998956799,0.8035545685,0.8035545685,1.0,0.9826478984,0.9125542368,0.7479506007,0.9397428736,0.796953666,0.8902271369,0.7575723598,0.9947612905,0.9931078386,0.9818536449,0.9944591904,0.9719173917,0.9179491968,0.8597048588}}
C:\repos\rdfhdt Array2DRowRealMatrix{{0.9628020754,0.7450290111,0.9736711939,0.9518435882,0.9447029432,0.9967848859,0.5163037343,0.9693086966,0.9930132529,0.9325994694,0.9552103897,0.9694775774,0.9101853117,0.9133921871,0.9949879811,0.9905860503,0.7650011465,0.9753909166,0.9263469416,0.9667418091,0.8610738212,0.955432729,0.9793101506,0.9514088219,0.2437090653,0.9798663035,0.9000151163,0.9000151163,0.9826478984,1.0,0.972572912,0.6118584241,0.9868488968,0.8951627176,0.9592694401,0.623354108,0.996460883,0.9976144503,0.9999910339,0.996701591,0.9987003381,0.9756006835,0.9395290893}}
C:\repos\RDFUnit Array2DRowRealMatrix{{0.9992450314,0.5694445661,0.9999886266,0.9970481954,0.9950678104,0.9880827308,0.3029446236,0.8855398536,0.9932250505,0.9909687138,0.8601795311,0.8858592022,0.981564058,0.983026749,0.9444397954,0.9315764456,0.5942194147,0.8973549335,0.8133268463,0.8807388965,0.9557286072,0.9978930577,0.9995202838,0.8536903401,0.0114398295,0.9065520804,0.976710275,0.976710275,0.9125542368,0.972572912,1.0,0.4110993454,0.9973809513,0.974289226,0.9986667777,0.4243795453,0.9495791753,0.9541960853,0.9735491601,0.9504887406,0.9831637286,0.9999103211,0.9934182465}}
C:\repos\SPARQL2NL Array2DRowRealMatrix{{0.3753731607,0.9834528259,0.4154423681,0.3398955548,0.3186446411,0.5465155883,0.9932935688,0.7875364736,0.5142471049,0.2851484211,0.8185225342,0.7871123765,0.2292848846,0.2368791664,0.687884227,0.7143751031,0.9774782092,0.7711956451,0.8647279401,0.7938024273,0.1246642469,0.3510889697,0.4391349981,0.8256905365,0.9162338032,0.7574598469,0.2059318664,0.2059318664,0.7479506007,0.6118584241,0.4110993454,1.0,0.4759555375,0.1951474748,0.3634945777,0.9998931756,0.6761799327,0.6650008112,0.6085034814,0.6740302633,0.5707499873,0.4232706376,0.3039769221}}
C:\repos\Sparqlify Array2DRowRealMatrix{{0.9938180028,0.6274083528,0.9977145621,0.9888837159,0.9852870254,0.9966277821,0.3710797023,0.9168211982,0.9990286629,0.9786747137,0.8948129752,0.9170956455,0.965169127,0.9671828226,0.9657391203,0.9554308648,0.6508361867,0.9269234449,0.8532772355,0.9126865623,0.9319432286,0.9905869147,0.9991425396,0.8891211629,0.0837324333,0.9347066933,0.9586335019,0.9586335019,0.9397428736,0.9868488968,0.9973809513,0.4759555375,1.0,0.9554421083,0.9923176557,0.4887593149,0.9697687662,0.9733360203,0.9875245579,0.9704757229,0.9938049105,0.9982601254,0.9825318221}}
C:\repos\spring-petclinic Array2DRowRealMatrix{{0.9823067387,0.3695996509,0.9732036051,0.9887115196,0.9918330311,0.9279991996,0.0804420685,0.758105374,0.9415069877,0.9957014808,0.7231621305,0.7585537752,0.9993898308,0.9990865923,0.8461046069,0.8257177604,0.3977313727,0.7748557953,0.6613339211,0.7513914183,0.9974507911,0.9868540324,0.9668440507,0.7144088731,-0.2141404732,0.788145764,0.9999394117,0.9999394117,0.796953666,0.8951627176,0.974289226,0.1951474748,0.9554421083,1.0,0.9846204085,0.2094619511,0.8545267631,0.8622570003,0.897042235,0.856036652,0.9167173128,0.9711845887,0.9936834248}}
C:\repos\spring-projects Array2DRowRealMatrix{{0.9999182984,0.5262518553,0.9984092234,0.9996822323,0.998861756,0.97881979,0.253346056,0.8603782766,0.9859022225,0.9965694829,0.8327067565,0.8607286488,0.9901218032,0.9911865549,0.9262138197,0.9115680785,0.5519087358,0.8733779783,0.7822093806,0.8551171371,0.9696436947,0.9999117892,0.9965889656,0.825669253,-0.0401924577,0.8835547795,0.9864839047,0.9864839047,0.8902271369,0.9592694401,0.9986667777,0.3634945777,0.9923176557,0.9846204085,1.0,0.3770722741,0.9321287646,0.9374800346,0.9604570924,0.93318002,0.97242052,0.99788591,0.9980065762}}
C:\repos\sps Array2DRowRealMatrix{{0.3888805619,0.9859957292,0.4286932946,0.3536053733,0.3324650523,0.5586976436,0.991497526,0.7964599274,0.5267277569,0.299127477,0.8268318082,0.7960437914,0.2434873405,0.2510542059,0.6984195807,0.7245267623,0.9804583696,0.7804179971,0.8719764839,0.8026069316,0.1391532452,0.3647373574,0.4522197139,0.8338477499,0.9102799791,0.7669216719,0.2202129239,0.2202129239,0.7575723598,0.623354108,0.4243795453,0.9998931756,0.4887593149,0.2094619511,0.3770722741,1.0,0.6868760901,0.6758458772,0.6200372909,0.6847554037,0.5826908415,0.4364678722,0.3178691338}}
C:\repos\streamreasoning Array2DRowRealMatrix{{0.9366815554,0.7984614938,0.9510636983,0.9227041303,0.913794687,0.986522084,0.5864640149,0.9865435337,0.9795798039,0.8989613446,0.9767047978,0.9866557658,0.8721472238,0.8759412878,0.9998719242,0.9985870428,0.8164293524,0.9904721664,0.9547306492,0.9848185349,0.8152846884,0.9272367382,0.9588338994,0.9739256341,0.3243698427,0.9931809767,0.8601925488,0.8601925488,0.9947612905,0.996460883,0.9495791753,0.6761799327,0.9697687662,0.8545267631,0.9321287646,0.6868760901,1.0,0.9998864468,0.9960959948,0.9999957545,0.9908816486,0.9536928238,0.9074167965}}
C:\repos\vraptor Array2DRowRealMatrix{{0.9418523067,0.7892982235,0.9556121374,0.9284088264,0.9198118466,0.9888758755,0.5741914006,0.9839676439,0.9824984029,0.9054601796,0.9733601398,0.9840900903,0.8794209024,0.8831116735,0.999517208,0.9976728422,0.8076347627,0.9882844117,0.9501394518,0.9820908152,0.8239183294,0.9327746535,0.9630043033,0.970396235,0.310078199,0.9913113395,0.867779916,0.867779916,0.9931078386,0.9976144503,0.9541960853,0.6650008112,0.9733360203,0.8622570003,0.9374800346,0.6758458772,0.9998864468,1.0,0.9973131806,0.9999261136,0.9927995382,0.958117204,0.9136464897}}
C:\repos\vraptor4 Array2DRowRealMatrix{{0.9639376731,0.7421976947,0.9746277783,0.953133325,0.9460831251,0.9971152453,0.5126725413,0.9682589346,0.9935040484,0.9341194421,0.9539486805,0.9684306375,0.9119311416,0.9151078352,0.9945556195,0.9899974833,0.7622670609,0.9744485083,0.9247435705,0.9656501153,0.8632193271,0.956674264,0.980158312,0.9500963182,0.2395999275,0.9790120531,0.9018527485,0.9018527485,0.9818536449,0.9999910339,0.9735491601,0.6085034814,0.9875245579,0.897042235,0.9604570924,0.6200372909,0.9960959948,0.9973131806,1.0,0.9963489979,0.9989072102,0.9765216606,0.9409708966}}
C:\repos\wikimedia Array2DRowRealMatrix{{0.9376979855,0.7967037843,0.95196005,0.9238235589,0.9149743772,0.9869946967,0.5841013137,0.9860629213,0.9801615074,0.900233911,0.9760753586,0.9861771305,0.8735691425,0.8773433005,0.999821044,0.9984279554,0.8147432509,0.9900666751,0.9538597843,0.9843085334,0.8169685685,0.9283239975,0.9596572902,0.9732604233,0.3216120906,0.992837046,0.861674912,0.861674912,0.9944591904,0.996701591,0.9504887406,0.6740302633,0.9704757229,0.856036652,0.93318002,0.6847554037,0.9999957545,0.9999261136,0.9963489979,1.0,0.9912700506,0.9545652335,0.9086374701}}
C:\repos\Yaccc Array2DRowRealMatrix{{0.9753224296,0.7100641043,0.9840240355,0.9662321819,0.9601886211,0.9995730936,0.4719842954,0.9555188498,0.9977369237,0.9497820596,0.938886401,0.9557214966,0.9301129737,0.9329527677,0.9885984092,0.9823216757,0.7311826839,0.9628859042,0.9059451937,0.9524503417,0.8858704131,0.969236901,0.9883513193,0.9344780143,0.1939620663,0.9684170045,0.921059809,0.921059809,0.9719173917,0.9987003381,0.9831637286,0.5707499873,0.9938049105,0.9167173128,0.97242052,0.5826908415,0.9908816486,0.9927995382,0.9989072102,0.9912700506,1.0,0.9855226647,0.9557626411}}
C:\repos\ykameshrao Array2DRowRealMatrix{{0.9986351274,0.5804022461,0.9999628206,0.9959305555,0.9936501119,0.9900554908,0.315680286,0.8916819432,0.9946922371,0.9890840472,0.8669322728,0.8919931041,0.978916344,0.9804816375,0.9487568913,0.9363615593,0.6049374736,0.9031845443,0.8210455565,0.8870024648,0.9517022631,0.9969346817,0.9998454161,0.8605881598,0.0248300793,0.9121235286,0.973749232,0.973749232,0.9179491968,0.9756006835,0.9999103211,0.4232706376,0.9982601254,0.9711845887,0.99788591,0.4364678722,0.9536928238,0.958117204,0.9765216606,0.9545652335,0.9855226647,1.0,0.9917951754}}
C:\repos\zserge Array2DRowRealMatrix{{0.9971183235,0.4715385525,0.99286065,0.9992803081,0.9998808843,0.9639484677,0.1917899344,0.8264987815,0.9733771782,0.9998059007,0.7961019054,0.8268858131,0.9969967193,0.997571101,0.9005750945,0.883803307,0.4981808215,0.8408996735,0.7413315798,0.820694096,0.9831425833,0.9987567739,0.9893941653,0.7884195464,-0.103171356,0.8522373045,0.9948585168,0.9948585168,0.8597048588,0.9395290893,0.9934182465,0.3039769221,0.9825318221,0.9936834248,0.9980065762,0.3178691338,0.9074167965,0.9136464897,0.9409708966,0.9086374701,0.9557626411,0.9917951754,1.0}}
